8,0.0,100.0,8439.575319,-1849.958454,110.275,false,0.0,0.0
9,0.0,100.0,9114.793229,1040.032093,110.275002,false,0.0,0.0
10,0.0,100.0,8809.173745,-2057.150295,110.274999,false,0.0,0.0
11,0.0,100.0,9276.256268,7114.30246,110.274998,false,0.0,0.0
12,0.0,100.0,9069.552749,6350.649992,110.275002,false,0.0,0.0
13,0.0,100.0,8887.578033,11.521901,110.275003,false,0.0,0.0
14,0.0,100.0,8246.526387,3834.658026,110.274998,false,0.0,0.0
15,0.0,100.0,9060.114331,4267.043793,110.275003,false,0.0,0.0
8,0.0,100.0,7582.012774,-2681.255048,110.275,false,0.0,0.0
9,0.0,100.0,8274.619817,1722.265877,110.275002,false,0.0,0.0
10,0.0,100.0,9539.914035,-1957.440493,110.274999,false,0.0,0.0
11,0.0,100.0,6549.18228,7084.086196,110.274998,false,0.0,0.0
12,0.0,100.0,9065.99298,6298.525734,110.275002,false,0.0,0.0
13,0.0,100.0,8049.052785,516.192625,110.275003,false,0.0,0.0
14,0.0,100.0,7888.583364,2371.310638,110.274998,false,0.0,0.0
15,0.0,100.0,7543.934589,3355.458345,110.275003,false,0.0,0.0
8,0.0,100.0,7709.491872,-2681.327565,110.275,false,0.0,0.0
9,0.0,100.0,8487.913576,2669.599956,110.275002,false,0.0,0.0
10,0.0,100.0,9464.780237,-3808.966779,110.274999,false,0.0,0.0
11,0.0,100.0,3549.291563,7058.403547,110.274998,false,0.0,0.0
12,0.0,100.0,9149.777399,4830.33353,110.275002,false,0.0,0.0
13,0.0,100.0,6441.660727,375.278566,110.275003,false,0.0,0.0
14,0.0,100.0,7305.852093,3484.782552,110.274998,false,0.0,0.0
15,0.0,100.0,8914.737843,4034.770237,110.275003,false,0.0,0.0
8,0.0,100.0,6154.046187,-2697.93727,110.275,false,0.0,0.0
9,0.0,100.0,9166.265787,2585.861952,110.275002,false,0.0,0.0
10,0.0,100.0,8914.955176,-2760.71369,110.274999,false,0.0,0.0
11,0.0,100.0,548.504181,7032.713222,110.274998,false,0.0,0.0
12,0.0,100.0,8709.216349,5222.591663,110.275002,false,0.0,0.0
13,0.0,100.0,5505.442039,722.45895,110.275003,false,0.0,0.0
14,0.0,100.0,6043.181076,2568.477252,110.274998,false,0.0,0.0
15,0.0,100.0,8749.006423,3715.315843,110.275003,false,0.0,0.0
8,0.0,100.0,4518.794284,-2525.273278,104.905154,false,0.0,0.0
9,0.0,100.0,8281.796965,2255.266339,110.275002,false,0.0,0.0
10,0.0,100.0,9313.880362,-2794.157896,110.274999,false,0.0,0.0
11,0.0,100.0,-2451.741632,7007.027533,110.274998,false,0.0,0.0
12,0.0,100.0,8075.151262,6542.516773,110.275002,false,0.0,0.0
13,0.0,100.0,5610.154018,131.276647,110.275003,false,0.0,0.0
14,0.0,100.0,4876.901709,2004.677289,110.274998,false,0.0,0.0
15,0.0,100.0,8283.076721,5509.554932,110.275003,false,0.0,0.0
8,0.0,100.0,4063.027549,-1546.179813,113.498707,false,0.0,0.0
9,0.0,100.0,8647.261385,1889.904875,110.275002,false,0.0,0.0
10,0.0,100.0,8700.190372,-1393.330388,110.274999,false,0.0,0.0
11,0.0,100.0,-3306.283605,6074.996406,110.274998,false,0.0,0.0
12,0.0,100.0,7550.028301,6500.065371,110.275002,false,0.0,0.0
13,0.0,100.0,4992.152779,910.628008,110.275003,false,0.0,0.0
14,0.0,100.0,4059.697774,1222.453738,104.905177,false,0.0,0.0
15,0.0,100.0,8425.638238,4638.827443,110.275003,false,0.0,0.0
8,0.0,100.0,4221.157929,-428.110338,104.90523,false,0.0,0.0
9,0.0,100.0,9536.833847,2903.168963,110.275002,false,0.0,0.0
10,0.0,100.0,8802.492867,-1664.717234,110.274999,false,0.0,0.0
11,0.0,100.0,-3341.550021,5475.49153,110.274998,true,0.0,3.6
12,0.0,100.0,7750.402721,6608.111977,110.275002,false,0.0,0.0
13,0.0,100.0,4904.724511,710.475688,110.275003,false,0.0,0.0
14,0.0,100.0,4474.269346,1366.439639,104.905177,false,0.0,0.0
15,0.0,100.0,8548.139354,5019.67446,110.275003,false,0.0,0.0
8,0.0,100.0,4696.465723,125.109913,104.905231,false,0.0,0.0
9,0.0,100.0,9447.474174,1810.313137,110.275002,false,0.0,0.0
10,0.0,100.0,8621.373257,-349.91676,110.274999,false,0.0,0.0
11,0.0,100.0,-3341.550021,5475.49153,110.274998,true,0.0,8.6
12,0.0,100.0,7745.688767,6637.620018,110.275002,false,0.0,0.0
13,0.0,100.0,4731.628096,1907.380622,110.275002,false,0.0,0.0
14,0.0,100.0,3754.348021,977.521827,104.905177,false,0.0,0.0
15,0.0,100.0,8835.586879,4444.546262,110.275003,false,0.0,0.0
8,0.0,100.0,5793.047313,-183.370795,110.275003,false,0.0,0.0
9,0.0,100.0,8884.576455,1679.036911,110.275002,false,0.0,0.0
10,0.0,100.0,9130.242863,-1709.871929,110.274999,false,0.0,0.0
11,0.0,100.0,-3341.550021,5475.49153,110.274998,true,0.0,13.6
12,0.0,100.0,8781.752288,6343.198201,110.275002,false,0.0,0.0
13,0.0,100.0,4447.658809,1084.58068,104.905229,false,0.0,0.0
14,0.0,100.0,4440.994127,357.718873,104.905228,false,0.0,0.0
15,0.0,100.0,8097.164057,4307.806315,110.275003,false,0.0,0.0
8,0.0,100.0,6512.728118,-520.452118,110.275003,false,0.0,0.0
9,0.0,100.0,9577.454862,3261.164491,110.275002,false,0.0,0.0
10,0.0,100.0,9135.054327,-2750.690493,110.274999,false,0.0,0.0
11,0.0,100.0,-3341.550021,5475.49153,110.274998,true,0.0,18.6
12,0.0,100.0,6930.501674,6404.451421,110.275002,false,0.0,0.0
13,0.0,100.0,3924.720337,2217.117068,110.260593,false,0.0,0.0
14,0.0,100.0,4898.319167,819.295548,110.274999,false,0.0,0.0
15,0.0,100.0,8283.994975,4481.174374,110.275003,false,0.0,0.0
8,0.0,100.0,6190.543492,-193.125161,110.275003,false,0.0,0.0
9,0.0,100.0,7928.846948,3323.331659,110.275002,false,0.0,0.0
10,0.0,100.0,9585.966774,-1422.99806,110.274999,false,0.0,0.0
11,0.0,100.0,-3341.550021,5475.49153,110.274998,true,0.0,23.6
12,0.0,100.0,6736.085403,6503.404546,110.275002,false,0.0,0.0
13,0.0,100.0,3449.291513,1730.303273,110.260593,false,0.0,0.0
14,0.0,100.0,4812.814266,1300.102024,104.905238,false,0.0,0.0
15,0.0,100.0,9373.044191,3177.320691,110.275003,false,0.0,0.0
8,0.0,100.0,4746.234088,-855.662695,104.905233,false,0.0,0.0
9,0.0,100.0,7667.93247,3376.736375,110.275002,false,0.0,0.0
10,0.0,100.0,9506.269421,-1492.148516,110.274999,false,0.0,0.0
11,0.0,100.0,-3341.550021,5475.49153,110.274998,true,0.0,28.6
12,0.0,100.0,6814.861852,6855.447305,110.275002,false,0.0,0.0
13,0.0,100.0,3499.202473,164.17992,114.297279,false,0.0,0.0
14,0.0,100.0,5205.184205,2387.838934,110.174653,false,0.0,0.0
15,0.0,100.0,8040.616705,2845.100794,110.275003,false,0.0,0.0
8,0.0,100.0,3648.741913,-1449.126404,113.75844,false,0.0,0.0
9,0.0,100.0,7819.95654,2167.617044,110.275002,false,0.0,0.0
10,0.0,100.0,8269.018507,-244.898257,110.274999,false,0.0,0.0
11,0.0,100.0,-3341.550021,5475.49153,110.274998,true,0.0,33.6
12,0.0,100.0,5324.423332,6366.597019,110.275002,false,0.0,0.0
13,0.0,100.0,4496.950424,-1433.397793,113.758438,false,0.0,0.0
14,0.0,100.0,5016.810185,1420.130815,110.275,false,0.0,0.0
15,0.0,100.0,7902.38934,3077.76314,110.275003,false,0.0,0.0
8,0.0,100.0,2138.33657,-1511.653996,112.778262,false,0.0,0.0
9,0.0,100.0,9003.817708,2945.893656,110.275002,false,0.0,0.0
10,0.0,100.0,7045.180931,-366.597514,110.274999,false,0.0,0.0
11,0.0,100.0,-3341.550021,5475.49153,110.274998,true,0.0,38.6
12,0.0,100.0,4388.949699,6009.709701,110.275002,false,0.0,0.0
13,0.0,100.0,5248.415057,-1100.938745,110.275003,false,0.0,0.0
14,0.0,100.0,5176.640743,354.49348,110.275,false,0.0,0.0
15,0.0,100.0,6296.83279,3454.27733,110.275003,false,0.0,0.0
8,0.0,100.0,1106.731631,-606.014042,104.905192,false,0.0,0.0
9,0.0,100.0,8097.952207,3534.418338,110.275002,false,0.0,0.0
10,0.0,100.0,6693.346733,301.168045,110.274999,false,0.0,0.0
11,0.0,100.0,-3341.550021,5475.49153,110.274998,true,0.0,43.6
12,0.0,100.0,4490.855597,5840.506358,110.275002,false,0.0,0.0
13,0.0,100.0,5544.056935,-816.619645,110.275005,false,0.0,0.0
14,0.0,100.0,3737.58887,348.871639,116.153692,false,0.0,0.0
15,0.0,100.0,5839.961052,4224.536196,110.275003,false,0.0,0.0
8,0.0,100.0,1660.189456,-1161.236464,104.90518,false,0.0,0.0
9,0.0,100.0,8134.448467,2769.543017,110.275002,false,0.0,0.0
10,0.0,100.0,6014.547136,-660.382549,110.274999,false,0.0,0.0
11,0.0,100.0,-3341.550021,5475.49153,110.274998,true,0.0,48.6
12,0.0,100.0,3819.665072,6580.946745,110.275002,false,0.0,0.0
13,0.0,100.0,4912.969903,-1836.334301,110.275005,false,0.0,0.0
14,0.0,100.0,2157.602857,500.942563,117.592405,false,0.0,0.0
15,0.0,100.0,5435.974358,4411.931225,110.275003,false,0.0,0.0
8,0.0,100.0,1088.021665,-1315.277609,117.592408,false,0.0,0.0
9,0.0,100.0,8028.416716,1551.134901,110.275002,false,0.0,0.0
10,0.0,100.0,5160.855424,315.895719,110.274999,false,0.0,0.0
11,0.0,100.0,-3341.550021,5475.49153,110.274998,true,0.0,53.6
12,0.0,100.0,5268.672065,6149.075784,110.275002,false,0.0,0.0
13,0.0,100.0,4171.413122,-1106.353049,104.905234,false,0.0,0.0
14,0.0,100.0,3448.663367,947.397919,104.905203,false,0.0,0.0
15,0.0,100.0,5043.859003,5117.717839,110.275003,false,0.0,0.0
8,0.0,100.0,1702.223372,-1882.46528,113.758442,false,0.0,0.0
9,0.0,100.0,8832.841402,1471.830307,110.275002,false,0.0,0.0
10,0.0,100.0,4760.096269,243.360611,104.905222,false,0.0,0.0
11,0.0,100.0,-3341.550021,5475.49153,110.274998,true,0.044444,58.6
12,0.0,100.0,5889.871343,6821.297255,110.275002,false,0.0,0.0
13,0.0,100.0,2757.529755,-522.188939,104.905166,false,0.0,0.0
14,0.0,100.0,3970.165702,1069.957845,104.905203,false,0.0,0.0
15,0.0,100.0,4753.910404,4734.574983,110.275003,false,0.0,0.0
8,0.0,100.0,2662.240297,-1149.358716,104.905196,false,0.0,0.0
9,0.0,100.0,8105.80693,2583.271672,110.275002,false,0.0,0.0
10,0.0,100.0,5548.069178,1189.627629,110.275006,false,0.0,0.0
11,0.0,80.0,-3341.550021,5475.49153,110.274998,true,0.061224,63.6
12,0.0,100.0,4655.182637,6609.00884,110.275002,false,0.0,0.0
13,0.0,100.0,3013.853219,-988.404047,104.905243,false,0.0,0.0
14,0.0,100.0,5403.535401,339.668118,110.275003,false,0.0,0.0
15,0.0,100.0,5373.991387,4594.296367,110.275003,false,0.0,0.0
8,1.0,100.0,1315.119557,-791.775972,106.951225,false,0.0,0.0
9,1.0,100.0,8483.92137,2927.749316,110.275002,false,0.0,0.0
10,1.0,100.0,5460.623908,1381.254433,110.275006,false,0.0,0.0
11,1.0,60.0,-3341.550021,5475.49153,110.274998,true,0.096154,68.6
12,1.0,100.0,6037.647232,6346.497711,110.275002,false,0.0,0.0
13,1.0,100.0,3341.437002,-928.856182,104.905243,false,0.0,0.0
14,1.0,100.0,5602.023347,351.192393,110.275003,false,0.0,0.0
15,1.0,100.0,5728.311268,3131.125316,110.275003,false,0.0,0.0
8,1.0,100.0,779.785797,-2426.748604,104.90524,false,0.0,0.0
9,1.0,100.0,9511.597784,4074.437033,110.275002,false,0.0,0.0
10,1.0,100.0,6315.847453,39.91556,110.275006,false,0.0,0.0
11,1.0,20.0,-3341.550021,5475.49153,110.274998,true,0.160714,73.6
12,1.0,100.0,4884.936127,5954.174004,110.275002,false,0.0,0.0
13,1.0,100.0,3914.737809,-570.91958,104.905191,false,0.0,0.0
14,1.0,100.0,6455.393084,345.645084,110.275003,false,0.0,0.0
15,1.0,100.0,5044.965714,3125.093528,110.275003,false,0.0,0.0
8,2.0,100.0,768.930779,-1079.519598,117.592407,false,0.0,0.0
9,2.0,100.0,8925.133363,3370.842891,110.275002,false,0.0,0.0
10,2.0,100.0,7354.747173,408.059801,110.275006,false,0.0,0.0
11,2.0,20.0,-2325.673628,3607.112549,110.275001,true,0.160714,78.6
12,2.0,100.0,4618.690763,4334.57817,110.275002,false,0.0,0.0
13,2.0,100.0,4361.566809,-1534.28999,113.594514,false,0.0,0.0
14,2.0,100.0,6149.911524,1263.028432,110.275003,false,0.0,0.0
15,2.0,100.0,5058.495305,2984.288727,110.275003,false,0.0,0.0
8,2.0,100.0,1485.410781,279.360966,106.951225,false,0.0,0.0
9,2.0,100.0,8173.896943,2981.400961,110.275002,false,0.0,0.0
10,2.0,100.0,8326.823271,15.621247,110.275006,false,0.0,0.0
11,2.0,20.0,-1229.135601,1471.596503,104.905226,true,0.175439,83.6
12,2.0,100.0,5790.400441,4744.259298,110.275002,false,0.0,0.0
13,2.0,100.0,3954.004573,-1334.154215,111.850297,false,0.0,0.0
14,2.0,100.0,5313.295224,585.272599,110.275003,false,0.0,0.0
15,2.0,100.0,4644.39481,1395.949525,104.905246,false,0.0,0.0
8,2.0,100.0,2783.856347,-377.476814,104.905174,false,0.0,0.0
9,2.0,100.0,6687.524718,3152.626581,110.275002,false,0.0,0.0
10,2.0,100.0,8340.09487,-608.574701,110.275006,false,0.0,0.0
11,2.0,20.0,-1229.135601,1471.596503,104.905226,true,0.163934,88.6
12,2.0,100.0,6066.04514,6154.377602,110.275002,false,0.0,0.0
13,2.0,100.0,3202.07313,39.425636,104.905211,false,0.0,0.0
14,2.0,100.0,5544.805584,288.27493,110.275003,false,0.0,0.0
15,2.0,100.0,4746.14983,1567.514869,104.905229,false,0.0,0.0
8,2.0,100.0,2336.481766,24.4876,104.905208,false,0.0,0.0
9,2.0,100.0,5761.150166,2927.473749,110.275002,false,0.0,0.0
10,2.0,100.0,8196.167714,-296.577163,110.275003,false,0.0,0.0
11,2.0,20.0,-1229.135601,1471.596503,104.905226,true,0.171875,93.6
12,2.0,100.0,5488.981696,5166.657623,110.275002,false,0.0,0.0
13,2.0,100.0,3752.417134,-1004.648677,108.985631,false,0.0,0.0
14,2.0,100.0,5488.723803,580.877627,110.274997,false,0.0,0.0
15,2.0,100.0,4358.154191,2376.950708,110.275004,false,0.0,0.0
8,2.0,100.0,3370.806071,1266.302108,104.905191,false,0.0,0.0
9,2.0,100.0,6220.05212,3339.801933,110.275002,false,0.0,0.0
10,2.0,100.0,8368.061962,-405.855879,110.275003,false,0.0,0.0
11,2.0,20.0,-1229.135601,1471.596503,104.905226,true,0.176471,98.6
12,2.0,100.0,5250.207786,3824.273174,110.275002,false,0.0,0.0
13,2.0,100.0,4988.452882,-1684.102817,110.274997,false,0.0,0.0
14,2.0,100.0,5228.033309,2467.95225,110.274997,false,0.0,0.0
15,2.0,100.0,4094.628416,2795.65925,110.275004,false,0.0,0.0
8,2.0,100.0,2810.788127,2059.621688,110.275,false,0.0,0.0
9,2.0,100.0,6819.753501,3272.545307,110.275002,false,0.0,0.0
10,2.0,100.0,9320.296466,-211.368911,110.275003,false,0.0,0.0
11,2.0,20.0,-1229.135601,1471.596503,104.905226,true,0.166667,103.7
12,2.0,100.0,4872.416522,5605.433524,110.275002,false,0.0,0.0
13,2.0,100.0,4185.88954,-1180.156192,104.905176,false,0.0,0.0
14,2.0,100.0,5306.669343,2882.578705,110.274997,false,0.0,0.0
15,2.0,100.0,3346.095196,996.136189,104.90524,false,0.0,0.0
8,2.0,100.0,3073.266335,1392.743682,104.905207,false,0.0,0.0
9,2.0,100.0,7211.666872,3186.143201,110.275002,false,0.0,0.0
10,2.0,100.0,8724.508922,-282.320406,110.275003,false,0.0,0.0
11,2.0,20.0,-1229.135601,1471.596503,104.905226,true,0.157895,108.7
12,2.0,100.0,5192.81116,4000.906021,110.275002,false,0.0,0.0
13,2.0,100.0,4338.041121,-1335.969641,113.758445,false,0.0,0.0
14,2.0,100.0,5285.803896,4323.657192,110.274997,false,0.0,0.0
15,2.0,100.0,2973.845494,1586.559339,104.905269,false,0.0,0.0
8,2.0,100.0,1971.370272,1988.05802,110.275004,false,0.0,0.0
9,2.0,100.0,8290.918725,2257.765447,110.275002,false,0.0,0.0
10,2.0,100.0,8007.552104,-377.757469,110.275003,false,0.0,0.0
11,2.0,20.0,-1229.135601,1471.596503,104.905226,true,0.151899,113.7
12,2.0,100.0,5473.939224,2781.213451,110.275002,false,0.0,0.0
13,2.0,100.0,4918.727682,-2655.46233,110.275004,false,0.0,0.0
14,2.0,100.0,4591.422852,3235.313107,110.274997,false,0.0,0.0
15,2.0,100.0,3420.533543,845.35265,104.905184,false,0.0,0.0
8,2.0,100.0,1715.520192,1113.500116,116.346149,false,0.0,0.0
9,2.0,100.0,6824.099006,3308.985278,110.275002,false,0.0,0.0
10,2.0,100.0,6627.914598,-293.233491,110.275003,false,0.0,0.0
11,2.0,20.0,-1229.135601,1471.596503,104.905226,true,0.144578,118.7
12,2.0,100.0,5142.687815,2825.611774,110.275002,false,0.0,0.0
13,2.0,100.0,4201.360604,-2745.119242,104.905255,false,0.0,0.0
14,2.0,100.0,3082.70809,2684.253075,110.274997,false,0.0,0.0
15,2.0,100.0,3576.903224,226.195761,108.144927,false,0.0,0.0
8,2.0,100.0,2406.958139,1174.959793,108.240296,false,0.0,0.0
9,2.0,100.0,4738.358593,5283.639828,110.275002,false,0.0,0.0
10,2.0,100.0,5701.443947,-96.246593,110.275003,false,0.0,0.0
11,2.0,20.0,-1229.135601,1471.596503,104.905226,true,0.137931,123.7
12,2.0,100.0,4855.702244,3010.59295,110.275002,false,0.0,0.0
13,2.0,100.0,4644.876606,-4225.108729,104.905255,false,0.0,0.0
14,2.0,100.0,1683.283016,2548.531866,110.274997,false,0.0,0.0
15,2.0,100.0,3012.11831,1178.642777,104.905242,false,0.0,0.0
8,2.0,100.0,2822.080789,1511.279679,104.905215,false,0.0,0.0
9,2.0,100.0,2307.046828,6679.450677,110.275002,false,0.0,0.0
10,2.0,100.0,6746.349981,-341.557779,110.275003,false,0.0,0.0
11,2.0,20.0,-1229.135601,1471.596503,104.905226,true,0.133333,128.7
12,2.0,100.0,4692.582155,1380.507794,104.905229,false,0.0,0.0
13,2.0,100.0,4390.686563,-4654.141075,104.905255,false,0.0,0.0
14,2.0,100.0,816.607733,3183.155795,110.274997,false,0.0,0.0
15,2.0,100.0,4374.489358,303.340544,104.905242,false,0.0,0.0
8,2.0,100.0,2729.850191,1425.143302,104.90525,false,0.0,0.0
9,2.0,100.0,702.891169,7116.731277,110.275002,false,0.0,0.0
10,2.0,100.0,5408.418075,-393.111231,110.275003,false,0.0,0.0
11,2.0,20.0,-1229.135601,1471.596503,104.905226,true,0.12766,133.7
12,2.0,100.0,4814.246586,600.239937,104.905229,false,0.0,0.0
13,2.0,100.0,4366.107402,-4836.989737,104.905163,false,0.0,0.0
14,2.0,100.0,1134.179243,2847.250588,110.27492,false,0.0,0.0
15,2.0,100.0,6114.100036,-146.181768,110.073043,false,0.0,0.0
8,2.0,100.0,2053.980482,-83.765203,104.905173,false,0.0,0.0
9,2.0,100.0,-2222.757203,7031.139482,110.275002,false,0.0,0.0
10,2.0,100.0,4572.752422,-791.721802,104.905225,false,0.0,0.0
11,2.0,20.0,-1229.135601,1471.596503,104.905226,true,0.122449,138.7
12,2.0,100.0,6086.842991,246.946946,110.274997,false,0.0,0.0
13,2.0,100.0,4439.11136,-5533.048044,104.905152,false,0.0,0.0
14,2.0,100.0,1354.039732,2711.517619,110.27492,false,0.0,0.0
15,2.0,100.0,5911.201759,245.299188,110.073043,false,0.0,0.0
8,2.0,100.0,1214.152857,-205.877531,106.951225,false,0.0,0.0
9,2.0,100.0,-3022.517771,7007.741954,110.275002,true,0.0,3.4
10,2.0,100.0,4256.811446,-1347.995999,113.758437,false,0.0,0.0
11,2.0,20.0,-1229.135601,1471.596503,104.905226,true,0.117647,143.7
12,2.0,100.0,5707.299723,605.741845,110.274997,false,0.0,0.0
13,2.0,100.0,4549.494248,-5918.727918,104.905146,false,0.0,0.0
14,2.0,100.0,920.531559,2580.692107,110.27492,false,0.0,0.0
15,2.0,100.0,7315.272216,459.063065,110.073043,false,0.0,0.0
8,2.0,80.0,-370.905783,-755.257424,104.905258,true,0.0,0.8
9,2.0,100.0,-3022.517771,7007.741954,110.275002,true,0.0,8.1
10,2.0,100.0,3028.915687,-1432.1144,112.105599,false,0.0,0.0
11,2.0,20.0,-1229.135601,1471.596503,104.905226,true,0.11215,148.4
12,2.0,100.0,6144.161778,1647.194914,110.274997,false,0.0,0.0
13,2.0,100.0,5218.458007,-4996.643567,110.275,false,0.0,0.0
14,2.0,100.0,-1284.871198,2423.980146,110.27492,true,0.0,1.0
15,2.0,100.0,7818.488539,-35.186527,110.073043,false,0.0,0.0
8,2.0,80.0,-2809.994567,-515.406306,104.905258,true,0.0,5.8
9,2.0,100.0,-3022.517771,7007.741954,110.275002,true,0.083333,13.1
10,2.0,100.0,3104.375348,-1629.562319,136.612098,false,0.0,0.0
11,2.0,20.0,-1229.135601,1471.596503,104.905226,true,0.109091,153.4
12,2.0,100.0,5769.126562,2166.914325,110.274997,false,0.0,0.0
13,2.0,100.0,5218.463687,-4996.581375,110.275,false,0.0,0.0
14,2.0,100.0,-1815.864261,2526.882088,110.27492,true,0.0,6.0
15,2.0,100.0,8440.987262,-40.837448,110.073043,false,0.0,0.0
8,2.0,80.0,-2809.994567,-515.406306,104.905258,true,0.0,10.8
9,2.0,100.0,-3022.517771,7007.741954,110.275002,true,0.066667,18.1
10,2.0,100.0,1766.701057,-2457.954353,104.90515,false,0.0,0.0
11,2.0,20.0,-1229.135601,1471.596503,104.905226,true,0.105263,158.4
12,2.0,100.0,6511.186808,3084.465233,110.274997,false,0.0,0.0
13,2.0,100.0,3262.128337,-3097.056871,104.905234,false,0.0,0.0
14,2.0,100.0,-1815.864261,2526.882088,110.27492,true,0.0,11.0
15,2.0,100.0,9130.28315,-1491.379986,110.073043,false,0.0,0.0
8,2.0,80.0,-2809.994567,-515.406306,104.905258,true,0.0,15.8
9,2.0,100.0,-3022.517771,7007.741954,110.275002,true,0.105263,23.1
10,2.0,100.0,273.153118,-3199.060287,115.246133,false,0.0,0.0
11,2.0,20.0,-1229.135601,1471.596503,104.905226,true,0.101695,163.4
12,2.0,100.0,7224.024186,3279.159893,110.274997,false,0.0,0.0
13,2.0,100.0,1100.812986,-1016.489276,104.905254,false,0.0,0.0
14,2.0,100.0,-1815.864261,2526.882088,110.27492,true,0.0,16.0
15,2.0,100.0,9507.75648,-1618.426139,110.073043,false,0.0,0.0
8,2.0,80.0,-2809.994567,-515.406306,104.905258,true,0.0,20.8
9,2.0,100.0,-3022.517771,7007.741954,110.275002,true,0.090909,28.1
10,2.0,100.0,675.442574,-2707.425215,104.905162,false,0.0,0.0
11,2.0,20.0,-1229.135601,1471.596503,104.905226,true,0.099174,168.4
12,2.0,100.0,6401.867624,3048.539544,110.274997,false,0.0,0.0
13,2.0,100.0,-1064.136308,1061.062746,104.905229,false,0.0,0.0
14,2.0,100.0,-1815.864261,2526.882088,110.27492,true,0.0,21.0
15,2.0,100.0,8623.603406,-688.152694,110.073043,false,0.0,0.0
8,2.0,80.0,-2809.994567,-515.406306,104.905258,true,0.0,25.8
9,2.0,100.0,-3022.517771,7007.741954,110.275002,true,0.076923,33.1
10,2.0,100.0,681.022598,-1552.144281,104.905162,false,0.0,0.0
11,2.0,20.0,-1229.135601,1471.596503,104.905226,true,0.096,173.4
12,2.0,100.0,6123.610673,1605.098673,110.274997,false,0.0,0.0
13,2.0,100.0,-3194.007756,2551.715051,110.275005,false,0.0,0.0
14,2.0,100.0,-1815.864261,2526.882088,110.27492,true,0.0,26.0
15,2.0,100.0,7381.602741,-451.635042,110.073043,false,0.0,0.0
8,3.0,80.0,-2809.994567,-515.406306,104.905258,true,0.0,30.8
9,3.0,100.0,-1496.446641,7052.408824,110.275002,true,0.074074,38.1
10,3.0,100.0,1282.095682,-1828.354473,104.905162,true,0.25,4.7
11,3.0,20.0,-1229.135601,1471.596503,104.905226,true,0.093023,178.4
12,3.0,100.0,6062.745632,1637.924414,110.275,false,0.0,0.0
13,3.0,100.0,-1445.983216,1341.527103,104.905156,false,0.0,0.0
14,3.0,100.0,-716.502138,2280.180592,110.27492,true,0.0,31.0
15,3.0,100.0,7316.198417,-423.044539,110.073043,false,0.0,0.0
8,3.0,80.0,-2809.994567,-515.406306,104.905258,true,0.0,35.8
9,3.0,100.0,702.612062,7116.773499,110.275002,true,0.074074,43.1
10,3.0,100.0,1282.095682,-1828.354473,104.905162,true,0.375,9.7
11,3.0,20.0,-1229.135601,1471.596503,104.905226,true,0.090226,183.4
12,3.0,100.0,5206.281999,2608.688968,110.275,false,0.0,0.0
13,3.0,80.0,60.937219,-1188.182658,107.439923,false,0.0,0.0
14,3.0,100.0,-1172.760879,1430.848385,104.905267,true,0.0,36.0
15,3.0,100.0,7087.763728,3.88073,110.073043,false,0.0,0.0
8,3.0,80.0,-2809.994567,-515.406306,104.905258,true,0.0,40.8
9,3.0,100.0,-1823.398048,7042.841535,110.275002,true,0.074074,48.1
10,3.0,100.0,1282.095682,-1828.354473,104.905162,true,0.363636,14.7
11,3.0,20.0,-1229.135601,1471.596503,104.905226,true,0.088235,188.4
12,3.0,100.0,4122.530265,1814.942597,110.275,false,0.0,0.0
13,3.0,80.0,912.898574,-4065.087232,104.90525,false,0.0,0.0
14,3.0,100.0,-2396.857416,856.227067,104.905267,true,0.0,41.0
15,3.0,100.0,7162.613343,158.879409,110.073043,false,0.0,0.0
8,4.0,80.0,-2717.984221,-1034.470817,104.905258,true,0.0,45.8
9,4.0,100.0,-3290.570275,6872.884627,110.275002,true,0.074074,53.1
10,4.0,100.0,1408.869288,-1835.365044,104.905162,true,0.357143,19.7
11,4.0,20.0,-1229.135601,1471.596503,104.905226,true,0.085714,193.4
12,4.0,100.0,3991.252322,1331.684178,104.905159,false,0.0,0.0
13,4.0,80.0,421.409032,-3591.555213,104.905211,false,0.0,0.0
14,4.0,100.0,-3626.281023,1105.318243,107.716188,true,0.0,46.0
15,4.0,100.0,8639.328638,-819.83046,110.073043,false,0.0,0.0
8,4.0,80.0,-3097.664974,-556.795696,115.617933,true,0.0,50.8
9,4.0,100.0,-3232.811623,3872.255018,110.275002,true,0.074074,58.1
10,4.0,100.0,2761.151991,-2350.875825,104.905236,true,0.357143,24.7
11,4.0,20.0,-1229.135601,1471.596503,104.905226,true,0.083333,198.4
12,4.0,100.0,3842.100743,1473.282816,104.905197,false,0.0,0.0
13,4.0,80.0,-845.011406,-884.830676,104.905164,false,0.0,0.0
14,4.0,100.0,-4719.224089,-1689.782768,104.905166,true,0.0,51.0
15,4.0,100.0,8354.319556,453.080252,110.073043,false,0.0,0.0
8,4.0,80.0,-3103.658337,-1535.574699,114.678316,true,0.0,55.8
9,4.0,100.0,-2882.706982,2526.257179,110.275002,true,0.074074,63.1
10,4.0,100.0,4046.204676,-1613.330111,134.765729,true,0.357143,29.7
11,4.0,20.0,-1229.135601,1471.596503,104.905226,true,0.081633,203.4
12,4.0,100.0,3380.90229,650.796841,108.925391,false,0.0,0.0
13,4.0,80.0,-2435.095125,1620.574321,104.905202,false,0.0,0.0
14,4.0,100.0,-5189.263624,-2891.865493,104.905211,true,0.0,56.0
15,4.0,100.0,8666.508596,1398.619452,110.073043,false,0.0,0.0
8,4.0,60.0,-3379.863473,-2841.452965,107.61397,true,0.026316,60.8
9,4.0,100.0,101.059842,2208.430163,110.275002,true,0.074074,68.1
10,4.0,100.0,4256.923401,-2442.336737,104.9052,true,0.357143,34.7
11,4.0,20.0,-1229.135601,1471.596503,104.905226,true,0.07947,208.4
12,4.0,100.0,4545.238242,403.085082,104.90516,false,0.0,0.0
13,4.0,80.0,-2689.009653,1929.649515,110.275,true,0.333333,3.7
14,4.0,100.0,-5189.263624,-2891.865493,104.905211,true,0.0,61.0
15,4.0,100.0,8927.984798,1223.316329,110.073043,false,0.0,0.0
8,6.0,60.0,-2652.799687,-2820.949032,104.90521,true,0.075,65.8
9,6.0,100.0,1823.886472,2198.648218,110.275002,true,0.074074,73.1
10,6.0,100.0,3510.382582,-3539.410011,104.90515,true,0.357143,39.7
11,6.0,20.0,-1496.304204,1017.69217,104.905226,true,0.084967,213.4
12,6.0,100.0,4553.045401,442.080976,104.905152,false,0.0,0.0
13,6.0,80.0,-2727.032753,3056.321234,125.250006,true,0.6,8.7
14,6.0,100.0,-5339.967664,-2387.190841,104.905211,true,0.0,66.0
15,6.0,100.0,8032.605435,1184.666069,110.073043,false,0.0,0.0
8,6.0,60.0,-1026.002755,-3656.657515,104.90521,true,0.093023,70.8
9,6.0,100.0,4821.157745,2341.821847,110.275002,true,0.074074,78.1
10,6.0,100.0,2814.645924,-3315.701427,117.406596,true,0.357143,44.7
11,6.0,20.0,-3018.416653,-1568.29072,104.905238,true,0.084967,218.4
12,6.0,100.0,5253.760697,490.677564,110.275004,false,0.0,0.0
13,6.0,80.0,-2828.242869,6055.302794,127.591792,true,0.6,13.7
14,6.0,100.0,-5943.617828,520.970502,104.905231,true,0.0,71.0
15,6.0,100.0,7382.867453,270.940513,110.073038,false,0.0,0.0
8,6.0,60.0,-1026.002755,-3656.657515,104.90521,true,0.085106,75.8
9,6.0,100.0,5960.412113,3092.289777,110.275002,true,0.074074,83.1
10,6.0,100.0,1512.758625,-3453.575751,104.905191,true,0.357143,49.7
11,6.0,20.0,-2928.292064,-1637.759005,104.905163,true,0.084967,223.4
12,6.0,100.0,5531.420861,637.691825,110.275004,false,0.0,0.0
13,6.0,80.0,-3283.0127,6473.232761,110.274996,true,0.6,18.7
14,6.0,80.0,-5874.269009,1441.260452,104.905184,true,0.0,76.0
15,6.0,100.0,6607.999388,-550.76616,110.073038,false,0.0,0.0
8,6.0,60.0,-1026.002755,-3656.657515,104.90521,true,0.078431,80.8
9,6.0,100.0,5926.106508,6093.660158,110.275002,true,0.074074,88.1
10,6.0,100.0,1999.686413,-2853.886391,104.905164,true,0.357143,54.7
11,6.0,20.0,-221.20472,-1562.876679,104.905163,true,0.084967,228.4
12,6.0,100.0,5377.663019,-422.362755,110.275004,false,0.0,0.0
13,6.0,80.0,-3225.143001,3472.224257,110.274996,true,0.6,23.7
14,6.0,80.0,-5874.269009,1441.260452,104.905184,true,0.0,81.0
15,6.0,100.0,6185.197714,-300.334238,110.073038,false,0.0,0.0
8,6.0,60.0,-1026.002755,-3656.657515,104.90521,true,0.072727,85.8
9,6.0,100.0,5068.967086,6906.688043,110.275002,true,0.074074,93.1
10,6.0,100.0,1756.774967,-1371.311573,113.558005,true,0.357143,59.7
11,6.0,20.0,2311.793048,-3171.703471,117.4066,true,0.084967,233.4
12,6.0,100.0,4729.635013,-408.173221,104.905238,false,0.0,0.0
13,6.0,80.0,-3065.748403,1645.046773,104.905217,true,0.6,28.7
14,6.0,80.0,-5874.269009,1441.260452,104.905184,true,0.0,86.0
15,6.0,100.0,6407.564327,-2.532263,110.073038,false,0.0,0.0
8,6.0,60.0,-1026.002755,-3656.657515,104.90521,true,0.068966,90.8
9,6.0,100.0,2123.994361,6332.541845,110.275002,true,0.074074,98.1
10,6.0,100.0,2638.601427,-2098.433076,104.90524,true,0.357143,64.7
11,6.0,20.0,4884.355291,-4715.86397,110.266295,true,0.084967,238.4
12,6.0,100.0,4819.913856,-1346.990663,112.803456,false,0.0,0.0
13,6.0,80.0,-2285.698716,2462.640067,110.258972,true,0.6,33.7
14,6.0,80.0,-5874.269009,1441.260452,104.905184,true,0.037736,91.0
15,6.0,100.0,7427.542876,255.614149,110.073038,false,0.0,0.0
8,6.0,60.0,-1026.002755,-3656.657515,104.90521,true,0.064516,95.8
9,6.0,100.0,-417.560426,4932.928371,125.24715,true,0.074074,103.1
10,6.0,100.0,3936.646643,-2455.479131,104.90524,true,0.357143,69.7
11,6.0,20.0,5109.522972,-5529.724427,110.266295,true,0.084967,243.4
12,6.0,100.0,3000.108995,-1691.919803,139.36919,false,0.0,0.0
13,6.0,80.0,697.57908,2144.889384,110.258972,true,0.6,38.7
14,6.0,80.0,-5874.269009,1441.260452,104.905184,true,0.035088,96.0
15,6.0,100.0,8196.621331,1694.772433,110.073038,false,0.0,0.0
8,6.0,60.0,-1026.002755,-3656.657515,104.90521,true,0.060606,100.8
9,6.0,100.0,-2703.563912,2989.366377,125.190682,true,0.074074,108.1
10,6.0,100.0,3795.64953,-2309.23523,104.90524,true,0.357143,74.7
11,6.0,20.0,4715.935161,-4904.655728,104.905189,true,0.084967,248.4
12,6.0,100.0,2631.636872,-2200.227187,104.905161,false,0.0,0.0
13,6.0,80.0,699.366528,3872.143275,110.258972,true,0.6,43.7
14,6.0,80.0,-5874.269009,1441.260452,104.905184,true,0.032787,101.0
15,6.0,100.0,8255.816244,3410.300709,110.073038,false,0.0,0.0
8,6.0,60.0,-1026.002755,-3656.657515,104.90521,true,0.057143,105.8
9,6.0,100.0,-2953.171676,3310.233678,110.274998,true,0.074074,113.1
10,6.0,100.0,4441.119044,-810.776912,104.905204,true,0.357143,79.7
11,6.0,20.0,1731.953577,-4593.991854,104.905236,true,0.084967,253.4
12,6.0,100.0,2610.474133,-1543.852858,113.527739,false,0.0,0.0
13,6.0,80.0,702.471435,6872.490388,110.258972,true,0.6,48.7
14,6.0,80.0,-5874.269009,1441.260452,104.905184,true,0.03125,106.0
15,6.0,100.0,6247.700667,3000.275602,110.073038,false,0.0,0.0
8,6.0,60.0,-1026.002755,-3656.657515,104.90521,true,0.054795,110.8
9,6.0,100.0,-2575.363302,3238.517304,110.274997,true,0.074074,118.1
10,6.0,100.0,4664.416002,-1130.986666,104.905228,true,0.357143,84.7
11,6.0,20.0,757.709823,-3781.646396,104.905225,true,0.084967,258.4
12,6.0,100.0,2095.700899,-1345.080262,104.90524,false,0.0,0.0
13,6.0,80.0,-0.810989,5991.221701,110.258972,true,0.6,53.7
14,6.0,80.0,-5874.269009,1441.260452,104.905184,true,0.044118,111.0
15,6.0,100.0,7837.379139,3454.072821,110.073038,false,0.0,0.0
8,6.0,60.0,-1026.002755,-3656.657515,104.90521,true,0.051948,115.8
9,6.0,100.0,-571.28777,5468.169914,110.275,true,0.074074,123.1
10,6.0,100.0,5539.4261,-1315.715979,110.274998,true,0.357143,89.7
11,6.0,20.0,154.587751,-3840.689006,104.905229,true,0.084967,263.4
12,6.0,100.0,1009.668929,-758.995962,104.905146,false,0.0,0.0
13,6.0,80.0,-823.347238,3184.010988,110.275001,true,0.6,58.7
14,6.0,80.0,-5874.269009,1441.260452,104.905184,true,0.041667,116.0
15,6.0,100.0,8146.404756,4852.890719,110.073038,false,0.0,0.0
8,6.0,60.0,-1026.002755,-3656.657515,104.90521,true,0.049383,120.8
9,6.0,100.0,828.70776,7133.324579,110.275003,true,0.074074,128.1
10,6.0,100.0,4800.659758,-1793.04987,104.905218,true,0.357143,94.7
11,6.0,20.0,-2508.578739,-2751.824693,104.894877,true,0.084967,268.4
12,6.0,100.0,1666.080829,-697.57524,118.594753,false,0.0,0.0
13,6.0,80.0,-1761.907344,462.077211,105.037214,true,0.6,63.7
14,6.0,80.0,-5874.269009,1441.260452,104.905184,true,0.052632,121.0
15,6.0,100.0,7923.238298,3022.445732,110.073038,false,0.0,0.0
8,6.0,60.0,-1026.002755,-3656.657515,104.90521,true,0.049383,121.5
9,6.0,100.0,1225.301394,7185.416715,110.275003,true,0.074074,128.8
10,6.0,100.0,4524.847683,-1617.968675,135.372928,true,0.357143,95.4
11,6.0,20.0,-2750.22213,-2438.694958,104.894877,true,0.084967,269.1
12,6.0,100.0,1729.623345,-887.212691,104.956745,false,0.0,0.0
13,6.0,80.0,-2015.306307,152.579112,116.050799,true,0.6,64.4
14,6.0,80.0,-5874.269009,1441.260452,104.905184,true,0.052632,121.7
15,6.0,100.0,7923.238298,3022.445732,110.073038,false,0.0,0.0
1
8,0.0,100.0,8927.621836,3812.503722,110.274997,false,0.0,0.0
9,0.0,100.0,8514.707678,915.937565,110.275001,false,0.0,0.0
10,0.0,100.0,8646.577319,2600.578982,110.275002,false,0.0,0.0
11,0.0,100.0,8313.689396,-530.589995,110.274997,false,0.0,0.0
12,0.0,100.0,9469.665172,4769.962949,110.274998,false,0.0,0.0
13,0.0,100.0,8727.876536,-1096.565214,110.275001,false,0.0,0.0
14,0.0,100.0,8607.573431,-1457.55106,110.274997,false,0.0,0.0
15,0.0,100.0,8854.18653,-261.632122,110.275003,false,0.0,0.0
8,0.0,100.0,7857.976525,3459.386267,110.274997,false,0.0,0.0
9,0.0,100.0,7894.906022,1211.703466,110.275001,false,0.0,0.0
10,0.0,100.0,8127.469828,3664.814671,110.275002,false,0.0,0.0
11,0.0,100.0,5370.73273,23.888097,110.274997,false,0.0,0.0
12,0.0,100.0,7936.450298,6520.49459,110.274998,false,0.0,0.0
13,0.0,100.0,7999.925051,353.005137,110.275001,false,0.0,0.0
14,0.0,100.0,9016.060557,-1628.452188,110.274997,false,0.0,0.0
15,0.0,100.0,8297.36613,751.82512,110.275003,false,0.0,0.0
8,0.0,100.0,5782.392794,2387.710578,110.274997,false,0.0,0.0
9,0.0,100.0,7350.355649,54.987403,110.275001,false,0.0,0.0
10,0.0,100.0,8431.344422,2639.353425,110.275002,false,0.0,0.0
11,0.0,100.0,2485.41007,847.819979,104.905215,false,0.0,0.0
12,0.0,100.0,5821.707659,7042.282253,110.274998,false,0.0,0.0
13,0.0,100.0,6522.080904,583.620224,110.275001,false,0.0,0.0
14,0.0,100.0,7951.85416,-2650.130409,110.274997,false,0.0,0.0
15,0.0,100.0,7548.053402,-18.527293,110.275003,false,0.0,0.0
8,0.0,100.0,3670.366417,2641.57765,110.274997,false,0.0,0.0
9,0.0,100.0,6106.695903,281.829298,110.275001,false,0.0,0.0
10,0.0,100.0,6907.918121,3157.845473,110.275002,false,0.0,0.0
11,0.0,100.0,-401.97428,1663.795425,132.546833,false,0.0,0.0
12,0.0,100.0,4656.26925,4869.310383,110.274998,false,0.0,0.0
13,0.0,100.0,5680.99102,2109.788951,110.275001,false,0.0,0.0
14,0.0,100.0,6313.980227,-2779.935906,110.274997,false,0.0,0.0
15,0.0,100.0,8745.974861,-619.86833,110.275003,false,0.0,0.0
8,0.0,100.0,723.511158,3086.836048,110.274997,false,0.0,0.0
9,0.0,100.0,7250.05614,-55.349541,110.275001,false,0.0,0.0
10,0.0,100.0,5373.727408,2713.194944,110.275002,false,0.0,0.0
11,0.0,100.0,-3207.568804,2560.861015,110.275001,false,0.0,0.0
12,0.0,100.0,3270.326491,2689.650841,110.2749,false,0.0,0.0
13,0.0,100.0,5775.511458,3788.95619,110.275001,false,0.0,0.0
14,0.0,100.0,4780.255109,-3332.808516,104.905189,false,0.0,0.0
15,0.0,100.0,8238.574652,-240.482727,110.275003,false,0.0,0.0
8,0.0,100.0,-1227.475498,4804.8218,110.275002,false,0.0,0.0
9,0.0,100.0,8373.559835,-249.37998,110.275001,false,0.0,0.0
10,0.0,100.0,5343.414986,1406.976415,110.275002,false,0.0,0.0
11,0.0,100.0,-3240.864823,4287.527116,110.275001,false,0.0,0.0
12,0.0,100.0,736.255647,2140.76992,110.2749,false,0.0,0.0
13,0.0,100.0,5965.992468,3464.979933,110.275001,false,0.0,0.0
14,0.0,100.0,4957.374654,-3463.367272,110.274973,false,0.0,0.0
15,0.0,100.0,8357.322731,-628.23113,110.275003,false,0.0,0.0
8,0.0,100.0,-3239.208665,6956.778241,110.275002,false,0.0,0.0
9,0.0,100.0,9092.231917,1139.891685,110.275001,false,0.0,0.0
10,0.0,100.0,4069.414142,1435.132942,113.65137,false,0.0,0.0
11,0.0,100.0,-3293.167166,6999.823921,110.275001,false,0.0,0.0
12,0.0,100.0,-455.992874,379.293586,104.905152,false,0.0,0.0
13,0.0,100.0,6126.113108,3475.668423,110.275001,false,0.0,0.0
14,0.0,100.0,4832.620242,-3560.651218,104.905262,false,0.0,0.0
15,0.0,100.0,9579.025613,-1469.654684,110.275003,false,0.0,0.0
8,0.0,100.0,-3292.86159,6999.775764,110.275002,false,0.0,0.0
9,0.0,100.0,8510.116447,1694.733818,110.275001,false,0.0,0.0
10,0.0,100.0,4305.61712,391.904287,104.90519,false,0.0,0.0
11,0.0,100.0,-3286.218769,6931.086074,110.275004,false,0.0,0.0
12,0.0,100.0,-2580.709078,-1420.587,104.905203,false,0.0,0.0
13,0.0,100.0,5319.53035,3358.109071,110.275001,false,0.0,0.0
14,0.0,100.0,4501.534576,-4732.230513,104.905178,false,0.0,0.0
15,0.0,100.0,9612.747569,-1469.345713,110.275003,false,0.0,0.0
8,0.0,100.0,-1001.88426,5580.76938,110.275002,false,0.0,0.0
9,0.0,100.0,8239.744842,1400.657067,110.275001,false,0.0,0.0
10,0.0,100.0,4184.146987,1531.394217,117.986102,false,0.0,0.0
11,0.0,100.0,-2902.39082,5520.97021,110.274996,false,0.0,0.0
12,0.0,100.0,-3243.377532,-3728.165628,108.215123,false,0.0,0.0
13,0.0,100.0,5548.876575,4038.898107,110.275001,false,0.0,0.0
14,0.0,100.0,4134.828886,-4465.802734,106.595309,false,0.0,0.0
15,0.0,100.0,9094.634416,-1595.438864,110.275003,false,0.0,0.0
8,0.0,100.0,884.587543,3248.229042,110.275001,false,0.0,0.0
9,0.0,100.0,7831.624915,996.940955,110.275001,false,0.0,0.0
10,0.0,100.0,3825.034725,1244.56745,104.905238,false,0.0,0.0
11,0.0,100.0,-1858.148088,2709.272937,110.275,false,0.0,0.0
12,0.0,100.0,-3105.757734,-1405.009027,116.230029,false,0.0,0.0
13,0.0,100.0,5394.301728,2955.874778,110.275001,false,0.0,0.0
14,0.0,100.0,3330.127415,-3944.318047,104.905188,false,0.0,0.0
15,0.0,100.0,8157.475149,-306.557396,110.275003,false,0.0,0.0
8,0.0,100.0,3719.387304,2629.866681,110.275001,false,0.0,0.0
9,0.0,100.0,6842.304767,207.698942,110.275001,false,0.0,0.0
10,0.0,100.0,4304.677645,658.441653,104.905238,false,0.0,0.0
11,0.0,100.0,-642.522786,-26.087892,116.050795,false,0.0,0.0
12,0.0,100.0,-2634.377624,1491.73153,104.905254,false,0.0,0.0
13,0.0,100.0,4433.125008,3430.738993,110.275001,false,0.0,0.0
14,0.0,100.0,4340.202941,-3244.015918,104.90523,false,0.0,0.0
15,0.0,100.0,7198.755491,268.349079,110.275003,false,0.0,0.0
8,0.0,100.0,5782.408952,2387.73889,110.275001,false,0.0,0.0
9,0.0,100.0,5389.26621,630.457504,110.275001,false,0.0,0.0
10,0.0,100.0,2590.386118,143.358947,117.592412,false,0.0,0.0
11,0.0,100.0,353.478037,-2854.36347,104.905207,false,0.0,0.0
12,0.0,100.0,-965.805646,3985.166187,110.274996,false,0.0,0.0
13,0.0,100.0,5691.975464,2789.519122,110.275001,false,0.0,0.0
14,0.0,100.0,3131.348209,-2257.917881,104.90523,false,0.0,0.0
15,0.0,100.0,5538.06394,934.972866,110.275003,false,0.0,0.0
8,0.0,100.0,3641.581361,1044.809804,104.905237,false,0.0,0.0
9,0.0,100.0,4762.365768,827.634396,104.905225,false,0.0,0.0
10,0.0,100.0,3230.054569,317.153603,104.905216,false,0.0,0.0
11,0.0,100.0,1045.222273,-4516.361271,135.68252,true,0.5,1.7
12,0.0,100.0,461.811089,6618.8118,110.275002,false,0.0,0.0
13,0.0,100.0,5283.72925,4183.326916,110.275001,false,0.0,0.0
14,0.0,100.0,2296.031473,-1662.032877,111.919825,false,0.0,0.0
15,0.0,100.0,4962.991165,1345.797285,110.275003,false,0.0,0.0
8,0.0,100.0,996.996322,-332.196924,104.905185,false,0.0,0.0
9,0.0,100.0,5763.394308,711.762989,110.274999,false,0.0,0.0
10,0.0,100.0,4561.473969,183.340224,104.905218,false,0.0,0.0
11,0.0,100.0,1045.222273,-4516.361271,135.68252,true,0.666667,6.7
12,0.0,100.0,965.636297,6021.192112,110.275002,false,0.0,0.0
13,0.0,100.0,5259.288294,5587.121981,110.275001,false,0.0,0.0
14,0.0,100.0,3326.419896,-2986.483365,104.90521,false,0.0,0.0
15,0.0,100.0,4526.865596,1511.418405,104.905231,false,0.0,0.0
8,1.0,100.0,-1883.752901,-1138.434978,104.905153,false,0.0,0.0
9,1.0,100.0,5045.985937,1353.536896,110.274999,false,0.0,0.0
10,1.0,100.0,3836.1819,352.219562,104.905233,false,0.0,0.0
11,1.0,100.0,2962.186229,-4712.571863,104.905258,true,0.666667,11.7
12,1.0,100.0,1108.829631,3028.541996,110.274941,false,0.0,0.0
13,1.0,100.0,4885.662568,5445.934355,110.275001,false,0.0,0.0
14,1.0,100.0,3447.336487,-1862.398926,104.90521,false,0.0,0.0
15,1.0,100.0,4090.436118,592.148898,104.905231,false,0.0,0.0
8,1.0,100.0,-3083.060501,-1764.434649,113.643226,false,0.0,0.0
9,1.0,100.0,4051.07674,1989.396793,110.274999,false,0.0,0.0
10,1.0,100.0,4488.30858,1291.220419,104.905233,false,0.0,0.0
11,1.0,100.0,5782.408973,-5254.913714,110.274997,true,0.666667,16.7
12,1.0,100.0,2533.911201,403.022223,104.905255,false,0.0,0.0
13,1.0,100.0,5440.929893,5575.37539,110.275001,false,0.0,0.0
14,1.0,100.0,4180.417133,-325.536536,104.905174,false,0.0,0.0
15,1.0,100.0,3948.311453,-548.910473,104.905231,false,0.0,0.0
8,1.0,100.0,-534.933044,-346.378717,104.905164,false,0.0,0.0
9,1.0,100.0,2513.255375,2125.439406,110.274999,false,0.0,0.0
10,1.0,100.0,5674.497928,1047.029197,110.274997,false,0.0,0.0
11,1.0,100.0,5782.308278,-5255.085547,110.274997,true,0.666667,21.7
12,1.0,100.0,4024.02208,-2176.507868,104.905154,false,0.0,0.0
13,1.0,100.0,5409.224255,4776.111126,110.275001,false,0.0,0.0
14,1.0,100.0,4278.973675,-326.039478,104.905174,false,0.0,0.0
15,1.0,100.0,3449.639215,-876.250547,104.905169,false,0.0,0.0
8,1.0,100.0,1805.819158,1517.740118,104.905263,false,0.0,0.0
9,1.0,100.0,2978.74787,1753.535882,110.274999,false,0.0,0.0
10,1.0,100.0,5060.39464,1172.992014,110.274997,false,0.0,0.0
11,1.0,100.0,6074.81197,-3391.671453,110.274997,true,0.666667,26.7
12,1.0,100.0,5512.715058,-4782.760898,110.194706,false,0.0,0.0
13,1.0,100.0,5395.884024,4721.227528,110.275001,false,0.0,0.0
14,1.0,100.0,4375.240522,-1773.780776,104.905153,false,0.0,0.0
15,1.0,100.0,2808.601709,-662.317723,104.905231,false,0.0,0.0
8,1.0,100.0,4385.202335,3051.457333,110.274998,false,0.0,0.0
9,1.0,100.0,1867.061874,545.580405,104.90518,false,0.0,0.0
10,1.0,100.0,3341.337533,1050.463429,104.905222,false,0.0,0.0
11,1.0,100.0,6077.898199,-390.722463,110.274997,true,0.666667,31.7
12,1.0,100.0,4864.305685,-4601.332272,106.501022,false,0.0,0.0
13,1.0,100.0,5291.224814,3673.991886,110.275001,false,0.0,0.0
14,1.0,100.0,5538.04217,-1114.050075,110.275001,false,0.0,0.0
15,1.0,100.0,2915.258452,-962.753477,104.905197,false,0.0,0.0
8,1.0,100.0,5320.890386,5896.375713,110.274998,false,0.0,0.0
9,1.0,100.0,3508.707581,594.520488,107.990036,false,0.0,0.0
10,1.0,100.0,2334.568083,1791.371078,110.274995,false,0.0,0.0
11,1.0,100.0,5782.3301,2387.889343,110.274997,true,0.666667,36.7
12,1.0,100.0,2119.219556,-3562.461435,104.905188,false,0.0,0.0
13,1.0,100.0,4901.653939,3924.805794,110.275001,false,0.0,0.0
14,1.0,100.0,6258.139218,-1809.124924,110.275001,false,0.0,0.0
15,1.0,100.0,1530.652523,-1430.167359,117.59241,false,0.0,0.0
8,1.0,100.0,5241.200161,7009.397289,110.274998,false,0.0,0.0
9,1.0,100.0,2292.901614,877.949127,104.90526,false,0.0,0.0
10,1.0,100.0,3218.522138,376.679306,104.905169,false,0.0,0.0
11,1.0,100.0,5782.330133,2387.889382,110.274997,true,0.666667,41.7
12,1.0,100.0,-827.282423,-2994.954772,104.905246,false,0.0,0.0
13,1.0,100.0,5019.313238,3261.967514,110.275001,false,0.0,0.0
14,1.0,100.0,6290.354989,-1428.687905,110.275001,false,0.0,0.0
15,1.0,100.0,2571.650408,-1323.27967,140.751157,false,0.0,0.0
8,1.0,100.0,2240.668893,7006.031465,110.274998,false,0.0,0.0
9,1.0,100.0,1730.995603,-384.729404,149.070038,false,0.0,0.0
10,1.0,100.0,1916.723293,725.985635,117.365613,false,0.0,0.0
11,1.0,100.0,3857.415214,2293.621265,110.274997,true,0.666667,46.7
12,1.0,100.0,-3174.080003,-1854.369931,109.31169,false,0.0,0.0
13,1.0,100.0,5078.386681,3556.764668,110.275001,false,0.0,0.0
14,1.0,100.0,5834.839407,-84.831649,110.275001,false,0.0,0.0
15,1.0,100.0,2626.3528,-1404.296514,113.703109,false,0.0,0.0
8,1.0,100.0,-760.319073,7002.665129,110.274998,false,0.0,0.0
9,1.0,100.0,1902.968435,-220.981145,106.951228,false,0.0,0.0
10,1.0,100.0,2554.623099,441.492003,104.905155,false,0.0,0.0
11,1.0,100.0,860.017558,2146.830864,110.274997,true,0.666667,51.7
12,1.0,100.0,-1516.822011,-1042.349607,104.905211,false,0.0,0.0
13,1.0,100.0,4624.598832,1972.044978,110.275001,false,0.0,0.0
14,1.0,100.0,5047.781379,-96.291818,110.275001,false,0.0,0.0
15,1.0,100.0,3385.023436,-1123.321917,104.905211,false,0.0,0.0
8,1.0,100.0,-3293.167167,6999.823925,110.274998,false,0.0,0.0
9,1.0,100.0,1054.272039,-850.597235,104.905178,false,0.0,0.0
10,1.0,100.0,1709.337596,2290.593722,110.275005,false,0.0,0.0
11,1.0,100.0,799.284629,615.36907,104.905214,true,0.666667,56.7
12,1.0,100.0,1218.039919,108.438798,106.951224,false,0.0,0.0
13,1.0,100.0,3798.534603,2485.876458,110.275001,false,0.0,0.0
14,1.0,100.0,5432.295376,-438.251636,110.247235,false,0.0,0.0
15,1.0,100.0,3065.407651,-707.1072,104.905168,false,0.0,0.0
8,1.0,100.0,-3402.082891,4874.176868,110.274998,false,0.0,0.0
9,1.0,100.0,1202.389253,-116.420529,106.95123,false,0.0,0.0
10,1.0,100.0,2687.830345,1648.173093,104.905229,false,0.0,0.0
11,1.0,100.0,923.206041,-2383.829262,104.905152,true,0.666667,61.7
12,1.0,100.0,3932.359489,1356.933737,104.905179,false,0.0,0.0
13,1.0,100.0,2678.081797,2070.395663,110.275001,false,0.0,0.0
14,1.0,100.0,5609.010464,-254.511371,110.247235,false,0.0,0.0
15,1.0,100.0,1649.76211,-21.991753,119.309254,false,0.0,0.0
8,1.0,100.0,-3555.623377,1877.613366,110.274998,false,0.0,0.0
9,1.0,100.0,1497.128976,-321.662905,106.951226,false,0.0,0.0
10,1.0,100.0,3426.985292,813.679072,107.894562,false,0.0,0.0
11,1.0,100.0,1049.783167,-4527.319363,133.593005,true,0.666667,66.7
12,1.0,100.0,5782.408971,2387.738888,110.275003,false,0.0,0.0
13,1.0,100.0,2295.088805,2048.120629,110.274998,false,0.0,0.0
14,1.0,100.0,4246.688115,-654.090559,104.905176,false,0.0,0.0
15,1.0,100.0,2075.732297,-1177.247134,116.448053,false,0.0,0.0
8,1.0,100.0,-3565.857724,1677.875354,104.90519,true,0.0,4.0
9,1.0,100.0,1471.271782,-445.704093,106.951228,false,0.0,0.0
10,1.0,100.0,3916.307467,1340.998728,104.905165,false,0.0,0.0
11,1.0,100.0,-1435.854042,-4073.703547,104.905234,true,0.666667,71.7
12,1.0,100.0,3913.816365,686.997405,104.905227,false,0.0,0.0
13,1.0,100.0,3435.692093,1839.595413,110.274998,false,0.0,0.0
14,1.0,100.0,5650.023051,-1165.282008,110.275,false,0.0,0.0
15,1.0,100.0,766.62943,-1004.881499,117.287681,false,0.0,0.0
8,1.0,80.0,-3565.857724,1677.875354,104.90519,true,0.0,9.0
9,1.0,100.0,351.309842,-1652.946011,104.905254,false,0.0,0.0
10,1.0,100.0,2519.006396,2010.270541,110.275007,false,0.0,0.0
11,1.0,100.0,-3206.609376,-3750.549942,108.697678,true,0.666667,76.7
12,1.0,100.0,1694.919454,-1332.581399,117.569047,false,0.0,0.0
13,1.0,100.0,3292.557433,1206.106293,104.905206,false,0.0,0.0
14,1.0,100.0,6680.945335,-532.50479,110.275,false,0.0,0.0
15,1.0,100.0,143.005788,-196.758437,110.21352,false,0.0,0.0
8,1.0,40.0,-3565.857724,1677.875354,104.90519,true,0.0,14.0
9,1.0,100.0,482.960983,-1487.869859,104.905254,false,0.0,0.0
10,1.0,100.0,3776.471145,1082.361854,104.905231,false,0.0,0.0
11,1.0,100.0,-1280.146133,-3813.442618,104.905201,true,0.666667,81.7
12,1.0,100.0,-890.306651,-2777.679248,104.905158,false,0.0,0.0
13,1.0,100.0,4075.202419,2662.845689,110.274994,false,0.0,0.0
14,1.0,100.0,7395.733266,217.896079,110.275,false,0.0,0.0
15,1.0,100.0,-401.782402,-177.927799,104.905165,false,0.0,0.0
8,1.0,20.0,-3565.857724,1677.875354,104.90519,true,0.0,19.0
9,1.0,100.0,1186.933598,-790.7233,106.703995,false,0.0,0.0
10,1.0,100.0,4009.010877,1127.727785,104.905243,false,0.0,0.0
11,1.0,100.0,1718.897393,-3911.351504,104.90523,true,0.666667,86.7
12,1.0,100.0,-3247.654585,-3743.059406,108.44692,false,0.0,0.0
13,1.0,100.0,3297.449285,2353.152532,110.274994,false,0.0,0.0
14,1.0,100.0,7651.927958,626.062991,110.275,false,0.0,0.0
15,1.0,100.0,-769.373979,-121.596433,116.050794,false,0.0,0.0
9,1.0,100.0,1111.039973,-513.024735,104.905174,false,0.0,0.0
10,1.0,100.0,4250.64825,-32.857507,104.905243,false,0.0,0.0
11,1.0,100.0,4557.213683,-4656.661533,104.905182,true,0.666667,91.7
12,1.0,100.0,-1354.853822,-2843.123468,104.905217,false,0.0,0.0
13,1.0,100.0,3417.35043,833.208085,104.905215,false,0.0,0.0
14,1.0,100.0,6236.549342,-482.623181,110.275,false,0.0,0.0
15,1.0,100.0,654.208967,94.786891,104.905246,false,0.0,0.0
9,1.0,100.0,386.253758,235.446695,104.905218,false,0.0,0.0
10,1.0,100.0,3912.064922,334.106171,104.90525,false,0.0,0.0
11,1.0,100.0,5475.891565,-5140.329779,110.275002,true,0.666667,96.7
12,1.0,100.0,1171.51105,-1326.239512,117.592401,false,0.0,0.0
13,1.0,100.0,2047.328312,-221.701377,104.90524,false,0.0,0.0
14,1.0,100.0,7465.751637,-304.928931,110.275,false,0.0,0.0
15,1.0,100.0,199.166845,51.13217,104.905159,false,0.0,0.0
9,1.0,100.0,703.750354,-1092.767979,117.592409,false,0.0,0.0
10,1.0,100.0,3117.015655,-1023.128492,104.905152,false,0.0,0.0
11,1.0,100.0,2527.235699,-4671.712317,104.905155,true,0.666667,101.7
12,1.0,100.0,3417.896377,633.996171,108.730097,false,0.0,0.0
13,1.0,100.0,3676.9172,-8.486696,107.300375,false,0.0,0.0
14,1.0,100.0,9233.461999,-303.01844,110.275,false,0.0,0.0
15,1.0,100.0,-17.196013,-226.565879,106.600137,false,0.0,0.0
9,1.0,100.0,1403.108566,-1390.150027,117.592411,false,0.0,0.0
10,1.0,100.0,2291.474012,-1690.358039,113.215971,false,0.0,0.0
11,1.0,100.0,1049.783166,-4527.319362,133.593004,true,0.666667,106.7
12,1.0,100.0,5782.094303,2387.5055,110.274997,false,0.0,0.0
13,1.0,100.0,2871.34695,45.765719,104.905224,false,0.0,0.0
14,1.0,100.0,9233.461823,-303.01844,110.275,false,0.0,0.0
15,1.0,100.0,1620.994741,-454.192916,160.691393,false,0.0,0.0
9,1.0,100.0,441.801141,-1406.190215,104.905168,false,0.0,0.0
10,1.0,100.0,2645.795993,-2648.200488,104.905166,false,0.0,0.0
11,1.0,100.0,1049.783166,-4527.319362,133.593004,true,0.666667,111.7
12,1.0,100.0,4056.900886,2303.14557,110.274997,false,0.0,0.0
13,1.0,100.0,1530.547349,-24.464008,106.951222,false,0.0,0.0
14,1.0,100.0,6906.195703,-303.709524,110.275,false,0.0,0.0
15,1.0,100.0,1062.809477,-1796.14765,104.90518,false,0.0,0.0
9,1.0,100.0,770.107533,-2080.278597,104.905168,false,0.0,0.0
10,1.0,100.0,2357.716311,-3232.443342,117.406594,false,0.0,0.0
11,1.0,100.0,1049.783166,-4527.319362,133.593004,true,0.666667,116.7
12,1.0,100.0,1060.028056,2156.60201,110.274997,false,0.0,0.0
13,1.0,100.0,3372.712757,811.098471,116.14813,true,0.0,3.0
14,1.0,100.0,3917.655277,-522.000607,104.905226,false,0.0,0.0
15,1.0,100.0,984.149136,-1392.496758,104.90518,false,0.0,0.0
9,1.0,100.0,-577.608843,-3024.308796,104.905251,false,0.0,0.0
10,1.0,100.0,2467.487901,-2684.350838,104.90524,false,0.0,0.0
11,1.0,100.0,1049.783166,-4527.319362,133.593004,true,0.666667,121.7
12,1.0,100.0,736.260376,2140.770151,110.274997,true,0.0,0.6
13,1.0,100.0,6103.505174,2056.009105,110.271795,true,0.0,8.0
14,1.0,100.0,934.356529,-849.045349,104.90518,false,0.0,0.0
15,1.0,100.0,222.011096,-941.203011,104.90518,false,0.0,0.0
9,1.0,100.0,666.123699,-2503.540539,104.905225,false,0.0,0.0
10,1.0,100.0,3704.581587,-1963.549584,104.90524,false,0.0,0.0
11,1.0,100.0,1049.783166,-4527.319362,133.593004,true,0.666667,126.7
12,1.0,100.0,736.260376,2140.770151,110.274997,true,0.0,5.6
13,1.0,100.0,8219.796355,3551.695956,110.27179,true,0.0,13.0
14,1.0,100.0,-1976.646599,-1172.689953,104.905207,false,0.0,0.0
15,1.0,100.0,1191.92787,463.328199,104.905171,false,0.0,0.0
9,1.0,100.0,102.333052,-1758.792524,114.56424,false,0.0,0.0
10,1.0,100.0,4488.596712,-2261.356839,104.905193,false,0.0,0.0
11,1.0,100.0,1049.783166,-4527.319362,133.593004,true,0.666667,131.7
12,1.0,100.0,736.260376,2140.770151,110.274997,true,0.0,10.6
13,1.0,100.0,9882.112288,4013.230367,110.27179,true,0.0,18.0
14,1.0,100.0,-3806.085741,-1473.910769,104.905177,false,0.0,0.0
15,1.0,100.0,875.067288,-870.718037,104.905175,false,0.0,0.0
9,1.0,100.0,845.518119,-2980.09745,104.905173,false,0.0,0.0
10,1.0,100.0,3085.080371,-1603.509968,133.428471,false,0.0,0.0
11,1.0,100.0,1049.783166,-4527.319362,133.593004,true,0.666667,136.7
12,1.0,100.0,736.260376,2140.770151,110.274997,true,0.0,15.6
13,1.0,100.0,9882.112288,4013.230367,110.27179,true,0.0,23.0
14,1.0,100.0,-2783.44978,-1235.985572,104.905176,false,0.0,0.0
15,1.0,100.0,1859.723138,-1604.718071,138.221792,false,0.0,0.0
9,1.0,100.0,2305.962853,-3049.667597,104.905249,false,0.0,0.0
10,1.0,100.0,2300.925586,-760.819608,117.5924,false,0.0,0.0
11,1.0,100.0,1049.783166,-4527.319362,133.593004,true,0.666667,141.7
12,1.0,100.0,736.260376,2140.770151,110.274997,true,0.0,20.6
13,1.0,100.0,9882.112288,4013.230367,110.27179,true,0.0,28.0
14,1.0,80.0,-1845.697506,475.610904,104.905146,true,0.0,1.3
15,1.0,100.0,1534.362684,-1220.326901,109.13252,false,0.0,0.0
9,1.0,100.0,1616.799849,-1978.575823,113.682673,false,0.0,0.0
10,1.0,100.0,2185.812318,-1622.828602,112.604037,false,0.0,0.0
11,1.0,100.0,1049.783166,-4527.319362,133.593004,true,0.666667,146.7
12,1.0,100.0,736.260376,2140.770151,110.274997,true,0.0,25.6
13,1.0,100.0,9882.112288,4013.230367,110.27179,true,0.0,33.0
14,1.0,60.0,-1845.697506,475.610904,104.905146,true,0.2,6.3
15,1.0,100.0,1478.7826,-1538.777911,104.905174,false,0.0,0.0
9,2.0,100.0,1746.307401,-3398.698271,104.905191,false,0.0,0.0
10,2.0,100.0,2355.104889,-1505.020376,113.758442,false,0.0,0.0
11,2.0,100.0,1049.783166,-4527.319362,133.593004,true,0.666667,151.7
12,2.0,100.0,736.260376,2140.770151,110.274997,true,0.0,30.6
13,2.0,100.0,9882.112288,4013.230367,110.27179,true,0.0,38.0
14,2.0,60.0,-1845.697506,475.610904,104.905146,true,0.5,11.3
15,2.0,100.0,523.71393,-88.011678,117.58359,false,0.0,0.0
9,2.0,100.0,1566.712453,-2169.947426,112.900536,false,0.0,0.0
10,2.0,100.0,2031.365836,-928.308086,117.592403,false,0.0,0.0
11,2.0,100.0,1049.783166,-4527.319362,133.593004,true,0.666667,156.7
12,2.0,100.0,736.260376,2140.770151,110.274997,true,0.0,35.6
13,2.0,100.0,9882.112288,4013.230367,110.27179,true,0.0,43.0
14,2.0,40.0,-1845.697506,475.610904,104.905146,true,0.416667,16.3
15,2.0,100.0,-1462.187724,406.977128,104.905147,true,0.0,1.3
9,2.0,100.0,2346.220885,-2493.624772,104.905201,false,0.0,0.0
10,2.0,100.0,2263.329237,-547.944889,117.5924,false,0.0,0.0
11,2.0,100.0,1049.783166,-4527.319362,133.593004,true,0.666667,161.7
12,2.0,100.0,736.260376,2140.770151,110.274997,true,0.0,40.6
13,2.0,100.0,9882.112288,4013.230367,110.27179,true,0.0,48.0
14,2.0,20.0,-1845.697506,475.610904,104.905146,true,0.333333,21.3
15,2.0,100.0,-1562.63281,425.245688,104.905147,true,0.0,6.3
9,2.0,100.0,899.107455,-3262.538419,121.588278,false,0.0,0.0
10,2.0,100.0,1996.535814,-698.876124,104.905179,false,0.0,0.0
11,2.0,100.0,1049.783166,-4527.319362,133.593004,true,0.666667,166.7
12,2.0,100.0,736.260376,2140.770151,110.274997,true,0.0,45.6
13,2.0,100.0,9882.112288,4013.230367,110.27179,true,0.0,53.0
14,2.0,20.0,-1845.697506,475.610904,104.905146,true,0.263158,26.3
15,2.0,100.0,-1562.63281,425.245688,104.905147,true,0.0,11.3
9,2.0,100.0,2213.07293,-2191.281861,104.905231,false,0.0,0.0
10,2.0,100.0,1688.982653,-581.32331,144.734573,false,0.0,0.0
11,2.0,100.0,1049.783166,-4527.319362,133.593004,true,0.666667,171.7
12,2.0,100.0,736.260376,2140.770151,110.274997,true,0.0,50.6
13,2.0,100.0,9882.112288,4013.230367,110.27179,true,0.0,58.0
14,2.0,20.0,-1845.697506,475.610904,104.905146,true,0.217391,31.3
15,2.0,100.0,-1562.63281,425.245688,104.905147,true,0.0,16.3
9,2.0,100.0,2843.602436,-1457.874553,113.758438,false,0.0,0.0
10,2.0,100.0,771.609505,-1595.735467,104.905185,false,0.0,0.0
11,2.0,100.0,1049.783166,-4527.319362,133.593004,true,0.666667,176.7
12,2.0,100.0,736.260376,2140.770151,110.274997,true,0.0,55.6
13,2.0,100.0,9882.112288,4013.230367,110.27179,true,0.0,63.0
15,2.0,100.0,-1562.63281,425.245688,104.905147,true,0.0,21.3
9,2.0,100.0,1996.99762,-175.077313,104.905182,false,0.0,0.0
10,2.0,100.0,-344.854406,-1899.287728,104.905235,false,0.0,0.0
11,2.0,100.0,1049.783166,-4527.319362,133.593004,true,0.666667,181.7
12,2.0,100.0,736.260376,2140.770151,110.274997,true,0.0,60.6
13,2.0,100.0,9882.112288,4013.230367,110.27179,true,0.0,68.0
15,2.0,100.0,-1562.63281,425.245688,104.905147,true,0.0,26.3
9,2.0,100.0,1954.505115,1144.537224,109.95743,false,0.0,0.0
10,2.0,100.0,-576.49896,-273.559563,104.905235,false,0.0,0.0
11,2.0,100.0,1049.783166,-4527.319362,133.593004,true,0.666667,186.7
12,2.0,100.0,736.260376,2140.770151,110.274997,true,0.0,65.6
13,2.0,100.0,9882.112288,4013.230367,110.27179,true,0.0,73.0
15,2.0,100.0,-1562.63281,425.245688,104.905147,true,0.0,31.3
9,2.0,100.0,2718.215477,821.765241,104.905205,false,0.0,0.0
10,2.0,100.0,-2212.350952,627.560695,104.905208,true,0.0,2.0
11,2.0,100.0,1049.783166,-4527.319362,133.593004,true,0.666667,191.7
12,2.0,100.0,736.260376,2140.770151,110.274997,true,0.0,70.6
13,2.0,100.0,9882.112288,4013.230367,110.27179,true,0.0,78.0
15,2.0,80.0,-1562.63281,425.245688,104.905147,true,0.0,36.3
9,2.0,100.0,2936.142136,1089.364869,114.658511,false,0.0,0.0
10,2.0,100.0,-3509.295573,881.658947,108.016763,true,0.0,7.0
11,2.0,100.0,1049.783166,-4527.319362,133.593004,true,0.666667,196.7
12,2.0,100.0,736.260376,2140.770151,110.274997,true,0.0,75.6
13,2.0,100.0,9882.112288,4013.230367,110.27179,true,0.0,83.0
15,2.0,80.0,-1562.63281,425.245688,104.905147,true,0.064516,41.3
9,3.0,100.0,2758.702739,134.08916,104.905188,false,0.0,0.0
10,3.0,100.0,-2631.162254,977.938217,104.90523,true,0.25,12.0
11,3.0,100.0,1049.783166,-4527.319362,133.593004,true,0.666667,201.7
12,3.0,100.0,736.260376,2140.770151,110.274997,true,0.0,80.6
13,3.0,100.0,9882.112288,4013.230367,110.27179,true,0.0,88.0
15,3.0,60.0,-1191.768152,1098.526167,104.905147,true,0.090909,46.3
9,3.0,100.0,2692.877851,336.844621,104.905148,false,0.0,0.0
10,3.0,100.0,-2631.162254,977.938217,104.90523,true,0.166667,17.0
11,3.0,100.0,1049.783166,-4527.319362,133.593004,true,0.666667,206.7
12,3.0,100.0,736.260376,2140.770151,110.274997,true,0.0,85.6
13,3.0,100.0,9882.112288,4013.230367,110.27179,true,0.0,93.0
15,3.0,60.0,-1191.768152,1098.526167,104.905147,true,0.135135,51.3
9,4.0,100.0,1604.990038,197.332263,106.81589,false,0.0,0.0
10,4.0,100.0,-2506.964453,1280.098103,104.90523,true,0.142857,22.0
11,4.0,100.0,1049.783166,-4527.319362,133.593004,true,0.666667,211.7
12,4.0,100.0,736.260376,2140.770151,110.274997,true,0.0,90.6
13,4.0,100.0,9882.112288,4013.230367,110.27179,true,0.0,98.0
15,4.0,60.0,-1191.768152,1098.526167,104.905147,true,0.179487,56.3
9,4.0,100.0,1964.267656,1430.466702,104.905205,false,0.0,0.0
10,4.0,100.0,-2831.458466,1188.057093,104.90523,true,0.142857,27.0
11,4.0,100.0,1049.783166,-4527.319362,133.593004,true,0.666667,216.7
12,4.0,100.0,736.260376,2140.770151,110.274997,true,0.0,95.6
13,4.0,100.0,9882.112288,4013.230367,110.27179,true,0.0,103.0
15,4.0,60.0,-3207.568806,2560.861017,110.275003,true,0.179487,61.3
9,4.0,100.0,962.771502,2192.113146,110.146795,false,0.0,0.0
10,4.0,100.0,-4373.376341,1504.819511,104.905181,true,0.142857,32.0
11,4.0,100.0,1049.783166,-4527.319362,133.593004,true,0.666667,221.7
12,4.0,100.0,736.260376,2140.770151,110.274997,true,0.0,100.6
13,4.0,100.0,9882.112288,4013.230367,110.27179,true,0.0,108.0
15,4.0,60.0,-3202.000707,1634.170915,104.905227,true,0.179487,66.3
9,4.0,100.0,-425.330935,2799.635884,125.250004,false,0.0,0.0
10,4.0,100.0,-5822.597723,1777.408714,110.275004,true,0.142857,37.0
11,4.0,100.0,1049.783166,-4527.319362,133.593004,true,0.666667,226.7
12,4.0,100.0,736.260376,2140.770151,110.274997,true,0.0,105.6
13,4.0,100.0,9882.112288,4013.230367,110.27179,true,0.0,113.0
15,4.0,60.0,-3183.969326,-1366.764343,109.155892,true,0.179487,71.3
9,4.0,100.0,-1748.17683,3122.143341,110.274998,false,0.0,0.0
10,4.0,100.0,-5903.985776,1992.365692,110.274998,true,0.142857,42.0
11,4.0,100.0,1049.783166,-4527.319362,133.593004,true,0.666667,231.7
12,4.0,100.0,736.260376,2140.770151,110.274997,true,0.0,110.6
13,4.0,100.0,9882.112288,4013.230367,110.27179,true,0.0,118.0
15,4.0,60.0,-3195.376495,-717.800249,107.450634,true,0.179487,76.3
9,4.0,100.0,-1710.404788,1539.857984,104.905261,false,0.0,0.0
10,4.0,100.0,-4436.366792,1106.224014,114.713673,true,0.142857,47.0
11,4.0,100.0,1049.783166,-4527.319362,133.593004,true,0.666667,236.7
12,4.0,100.0,736.260376,2140.770151,110.274997,true,0.0,115.6
13,4.0,100.0,9882.112288,4013.230367,110.27179,true,0.0,123.0
15,4.0,60.0,-3233.393858,2282.523987,110.275001,true,0.179487,81.3
9,4.0,100.0,-1710.404788,1539.857984,104.905261,false,0.0,0.0
10,4.0,100.0,-4436.366792,1106.224014,114.713673,true,0.142857,47.4
11,4.0,100.0,1049.783166,-4527.319362,133.593004,true,0.666667,237.1
12,4.0,100.0,736.260376,2140.770151,110.274997,true,0.0,116.0
13,4.0,100.0,9882.112288,4013.230367,110.27179,true,0.0,123.4
15,4.0,60.0,-3238.461886,2682.491959,110.275001,true,0.179487,81.7
1