0,0.0,100.0,-12392.23656,1947.489402,110.275003,false,0.0,0.0
1,0.0,100.0,-11950.010695,-1086.252746,110.274997,false,0.0,0.0
2,0.0,100.0,-13317.535393,-2995.524422,110.275001,false,0.0,0.0
3,0.0,100.0,-12032.165926,2513.305118,110.275001,false,0.0,0.0
4,0.0,100.0,-12588.129359,5933.186535,110.275003,false,0.0,0.0
5,0.0,100.0,-11742.275927,5858.282824,110.274997,false,0.0,0.0
6,0.0,100.0,-12841.968859,1163.393037,110.274997,false,0.0,0.0
7,0.0,100.0,-13626.4819,2719.626945,110.274999,false,0.0,0.0
0,0.0,100.0,-11697.823744,1157.899721,110.275003,false,0.0,0.0
1,0.0,100.0,-12136.8376,859.946261,110.274997,false,0.0,0.0
2,0.0,100.0,-12748.422813,-974.574396,110.275001,false,0.0,0.0
3,0.0,100.0,-10433.855951,3162.960257,110.275001,false,0.0,0.0
4,0.0,100.0,-12607.327736,5199.566503,110.275003,false,0.0,0.0
5,0.0,100.0,-11470.91009,5679.877043,110.274997,false,0.0,0.0
6,0.0,100.0,-12701.619624,759.58482,110.274997,false,0.0,0.0
7,0.0,100.0,-12833.990997,3339.591741,110.274999,false,0.0,0.0
0,0.0,100.0,-12366.427297,1544.948201,110.275003,false,0.0,0.0
1,0.0,100.0,-11148.555744,2600.587092,110.274997,false,0.0,0.0
2,0.0,100.0,-12120.981958,-2246.146103,110.275001,false,0.0,0.0
3,0.0,100.0,-8034.360642,4809.768697,110.275001,false,0.0,0.0
4,0.0,100.0,-11753.459405,3956.296869,110.275003,false,0.0,0.0
5,0.0,100.0,-11481.423997,3800.630001,110.274997,false,0.0,0.0
6,0.0,100.0,-11884.828668,1166.639485,110.274997,false,0.0,0.0
7,0.0,100.0,-11903.413969,3718.077585,110.274999,false,0.0,0.0
0,0.0,100.0,-11916.72803,711.501298,110.275003,false,0.0,0.0
1,0.0,100.0,-11736.104762,2560.494764,110.274997,false,0.0,0.0
2,0.0,100.0,-11820.603758,-1031.39942,110.275001,false,0.0,0.0
3,0.0,100.0,-6061.563097,6463.907752,110.275001,false,0.0,0.0
4,0.0,100.0,-11582.094532,3096.445011,110.275003,false,0.0,0.0
5,0.0,100.0,-11764.785535,4152.111359,110.274997,false,0.0,0.0
6,0.0,100.0,-9932.990354,701.591306,110.274997,false,0.0,0.0
7,0.0,100.0,-11535.412953,3419.493129,110.274999,false,0.0,0.0
0,0.0,100.0,-10941.384623,896.164332,110.275003,false,0.0,0.0
1,0.0,100.0,-12048.719315,2698.675485,110.274997,false,0.0,0.0
2,0.0,100.0,-11772.26513,934.701253,110.275001,false,0.0,0.0
3,0.0,100.0,-3791.939357,6748.405877,110.275001,false,0.0,0.0
4,0.0,100.0,-11838.144061,2932.559452,110.275003,false,0.0,0.0
5,0.0,100.0,-12389.602349,2629.47001,110.274997,false,0.0,0.0
6,0.0,100.0,-10361.827466,270.615816,110.274997,false,0.0,0.0
7,0.0,100.0,-11395.733707,3696.993135,110.274999,false,0.0,0.0
0,0.0,100.0,-11319.688246,1925.145259,110.275003,false,0.0,0.0
1,0.0,100.0,-11527.412968,2844.363927,110.274997,false,0.0,0.0
2,0.0,100.0,-11415.590738,1829.649408,110.275001,false,0.0,0.0
3,0.0,100.0,-2415.643875,4629.017496,110.275001,false,0.0,0.0
4,0.0,100.0,-11878.501618,1563.981448,110.275003,false,0.0,0.0
5,0.0,100.0,-11379.00895,1086.05776,110.274997,false,0.0,0.0
6,0.0,100.0,-9857.609761,315.487796,110.274997,false,0.0,0.0
7,0.0,100.0,-9533.267136,3066.546377,110.274999,false,0.0,0.0
0,0.0,100.0,-12015.191515,2233.111601,110.275003,false,0.0,0.0
1,0.0,100.0,-10041.618447,3189.459931,110.274997,false,0.0,0.0
2,0.0,100.0,-10891.325822,2962.1661,110.275001,false,0.0,0.0
3,0.0,100.0,-1128.348935,1932.033705,110.275001,false,0.0,0.0
4,0.0,100.0,-10430.09666,119.058605,110.275003,false,0.0,0.0
5,0.0,100.0,-9645.417219,253.251217,110.274997,false,0.0,0.0
6,0.0,100.0,-9100.235409,716.159487,110.274997,false,0.0,0.0
7,0.0,100.0,-8601.154266,2541.025221,110.274999,false,0.0,0.0
0,0.0,100.0,-11028.859954,798.34179,110.275003,false,0.0,0.0
1,0.0,100.0,-11219.397964,2309.212004,110.274997,false,0.0,0.0
2,0.0,100.0,-9581.36519,3081.66554,110.274804,false,0.0,0.0
3,0.0,100.0,51.884716,-827.846814,107.675595,false,0.0,0.0
4,0.0,100.0,-11222.489234,691.404411,110.275003,false,0.0,0.0
5,0.0,100.0,-8196.358816,-845.739474,110.274997,false,0.0,0.0
6,0.0,100.0,-8764.458634,627.928921,110.274997,false,0.0,0.0
7,0.0,100.0,-6858.131686,2479.627053,110.274999,false,0.0,0.0
0,0.0,100.0,-11695.088423,430.140849,110.275003,false,0.0,0.0
1,0.0,100.0,-11693.601784,2013.886907,110.274997,false,0.0,0.0
2,0.0,100.0,-9270.156506,3007.375191,110.274804,false,0.0,0.0
3,0.0,100.0,389.409084,-2609.351476,104.905182,false,0.0,0.0
4,0.0,100.0,-12122.282124,950.567587,110.275003,false,0.0,0.0
5,0.0,100.0,-7233.136104,-1402.08351,112.850407,false,0.0,0.0
6,0.0,100.0,-7389.243622,-607.723683,104.905231,false,0.0,0.0
7,0.0,100.0,-6084.986851,1335.964981,104.905261,false,0.0,0.0
0,0.0,100.0,-12329.160639,-495.89671,110.275003,false,0.0,0.0
1,0.0,100.0,-11333.450947,3455.66692,110.274997,false,0.0,0.0
2,0.0,100.0,-9073.94873,2953.727301,110.274804,false,0.0,0.0
3,0.0,100.0,478.293895,-4459.015857,104.905267,false,0.0,0.0
4,0.0,100.0,-10873.380693,334.5523,110.275003,false,0.0,0.0
5,0.0,100.0,-6735.492839,-2353.575748,104.905257,false,0.0,0.0
6,0.0,100.0,-5999.088096,-661.461773,104.905256,false,0.0,0.0
7,0.0,100.0,-5536.731538,338.684805,117.592406,false,0.0,0.0
0,0.0,100.0,-12031.147763,315.874892,110.275003,false,0.0,0.0
1,0.0,100.0,-11427.788579,3643.394752,110.274997,false,0.0,0.0
2,0.0,100.0,-9090.795067,2775.682749,110.274804,false,0.0,0.0
3,0.0,100.0,-1801.863805,-2832.927126,104.905242,false,0.0,0.0
4,0.0,100.0,-10618.711223,600.66301,110.275003,false,0.0,0.0
5,0.0,100.0,-5232.405071,-2425.656973,104.905257,false,0.0,0.0
6,0.0,100.0,-7314.547212,-686.822337,104.905158,false,0.0,0.0
7,0.0,100.0,-5434.527754,-220.936168,104.905265,false,0.0,0.0
0,0.0,100.0,-10488.352741,478.497015,110.275003,false,0.0,0.0
1,0.0,100.0,-12001.05062,3637.339714,110.274997,false,0.0,0.0
2,0.0,100.0,-7760.845289,1966.393683,110.274804,false,0.0,0.0
3,0.0,100.0,-3962.003792,-975.511382,117.475024,false,0.0,0.0
4,0.0,100.0,-11417.603407,1577.819637,110.275003,false,0.0,0.0
5,0.0,100.0,-5421.184839,-1735.244209,112.125483,false,0.0,0.0
6,0.0,100.0,-7127.473197,-818.05784,104.90516,false,0.0,0.0
7,0.0,100.0,-5284.918387,846.933663,104.905205,false,0.0,0.0
0,0.0,100.0,-10945.245222,-2.741703,110.275003,false,0.0,0.0
1,0.0,100.0,-11512.111544,3851.181475,110.274997,false,0.0,0.0
2,0.0,100.0,-7077.484559,537.81745,104.905189,false,0.0,0.0
3,0.0,100.0,-5846.715181,1359.964568,104.90518,false,0.0,0.0
4,0.0,100.0,-10348.823315,139.860835,110.275003,false,0.0,0.0
5,0.0,100.0,-5627.1191,-2525.08072,104.905157,false,0.0,0.0
6,0.0,100.0,-6648.483737,-1133.302527,104.905222,false,0.0,0.0
7,0.0,100.0,-5776.760109,753.260908,104.905218,false,0.0,0.0
0,0.0,100.0,-11997.56683,1642.264947,110.275003,false,0.0,0.0
1,0.0,100.0,-11734.732732,2523.230339,110.274997,false,0.0,0.0
2,0.0,100.0,-6921.232997,91.770896,107.297922,false,0.0,0.0
3,0.0,100.0,-7673.633643,3623.327554,110.274997,false,0.0,0.0
4,0.0,100.0,-9307.231898,645.193483,110.275003,false,0.0,0.0
5,0.0,100.0,-6192.431405,-2411.535594,104.905157,false,0.0,0.0
6,0.0,100.0,-6370.175172,-1111.778221,104.905214,false,0.0,0.0
7,0.0,100.0,-4415.832164,2172.285754,110.275003,false,0.0,0.0
0,0.0,100.0,-12006.686231,1649.866057,110.275003,false,0.0,0.0
1,0.0,100.0,-11782.600316,1937.585625,110.274997,false,0.0,0.0
2,0.0,100.0,-6742.892143,366.244922,107.223094,false,0.0,0.0
3,0.0,100.0,-8561.898745,6466.174023,110.274997,false,0.0,0.0
4,0.0,100.0,-9289.974478,-1044.487384,110.275003,false,0.0,0.0
5,0.0,100.0,-5770.799747,-2223.477738,104.905157,false,0.0,0.0
6,0.0,100.0,-5383.726244,-239.910227,104.905239,false,0.0,0.0
7,0.0,100.0,-3404.670548,2232.433091,110.275003,false,0.0,0.0
0,0.0,100.0,-12394.225752,1727.441896,110.275003,false,0.0,0.0
1,0.0,100.0,-11753.379542,1689.700892,110.274997,false,0.0,0.0
2,0.0,100.0,-5822.781022,1.552482,117.592412,false,0.0,0.0
3,0.0,100.0,-7191.911212,6798.568988,110.274997,false,0.0,0.0
4,0.0,100.0,-8943.161473,-2411.434221,110.275003,false,0.0,0.0
5,0.0,100.0,-5896.486436,-1430.091034,113.758441,false,0.0,0.0
6,0.0,100.0,-7587.768489,-429.05236,104.905157,false,0.0,0.0
7,0.0,100.0,-4679.729826,1180.015696,106.648284,false,0.0,0.0
0,0.0,100.0,-12147.000385,2052.150735,110.275003,false,0.0,0.0
1,0.0,100.0,-10148.936784,672.411071,110.274997,false,0.0,0.0
2,0.0,100.0,-5856.651511,-166.488275,117.531988,false,0.0,0.0
3,0.0,100.0,-4191.831539,6754.320014,110.274997,false,0.0,0.0
4,0.0,100.0,-8826.117762,-2746.883663,110.275002,false,0.0,0.0
5,0.0,100.0,-5493.456551,-1737.053384,120.3617,false,0.0,0.0
6,0.0,100.0,-7428.157933,-410.401135,104.905157,false,0.0,0.0
7,0.0,100.0,-4606.064509,1996.707017,110.274998,false,0.0,0.0
0,0.0,100.0,-11665.865005,1328.56962,110.275003,false,0.0,0.0
1,0.0,100.0,-10028.793312,517.938667,110.274997,false,0.0,0.0
2,0.0,100.0,-4885.828931,-886.235307,104.905241,false,0.0,0.0
3,0.0,60.0,-3613.957142,6474.430112,110.274997,true,0.0,1.3
4,0.0,100.0,-9101.946903,-1311.629311,110.275002,false,0.0,0.0
5,0.0,100.0,-5901.073205,-837.801528,104.905151,false,0.0,0.0
6,0.0,100.0,-8035.552173,-2200.291964,104.905153,false,0.0,0.0
7,0.0,100.0,-4198.249719,4480.96079,110.274998,true,0.0,2.3
0,0.0,100.0,-11322.440146,3061.396855,110.275003,false,0.0,0.0
1,0.0,100.0,-9525.048195,623.687612,110.274997,false,0.0,0.0
2,0.0,100.0,-5872.480805,439.893935,104.905217,false,0.0,0.0
3,0.0,40.0,-3613.957142,6474.430112,110.274997,true,0.2,6.3
4,0.0,100.0,-9739.829434,-491.445253,110.275002,false,0.0,0.0
5,0.0,100.0,-7386.169093,-2060.019105,104.905253,false,0.0,0.0
6,0.0,100.0,-7661.990385,-3071.19579,104.904733,false,0.0,0.0
7,0.0,100.0,-4043.243481,6274.606952,110.274998,true,0.0,7.3
0,0.0,100.0,-11577.890007,3922.811101,110.275003,false,0.0,0.0
1,0.0,100.0,-8044.63265,564.022564,104.905212,false,0.0,0.0
2,0.0,100.0,-5078.643885,-773.215708,106.951229,false,0.0,0.0
4,0.0,100.0,-8534.077839,-1553.506019,110.275002,false,0.0,0.0
5,0.0,100.0,-6980.716212,-1325.482109,113.758445,false,0.0,0.0
6,0.0,100.0,-7196.584278,-3418.037085,104.904733,false,0.0,0.0
7,0.0,80.0,-4043.243481,6274.606952,110.274998,true,0.111111,12.3
0,0.0,100.0,-12043.2222,2902.711083,110.275003,false,0.0,0.0
1,0.0,100.0,-7312.5373,515.829354,104.905173,false,0.0,0.0
2,0.0,100.0,-3740.995669,-426.888875,117.592412,false,0.0,0.0
4,0.0,100.0,-7726.68663,-711.079019,104.905229,false,0.0,0.0
5,0.0,100.0,-7968.392666,-1506.428973,111.468208,false,0.0,0.0
6,0.0,100.0,-7348.562654,-3177.303601,104.904708,false,0.0,0.0
7,0.0,20.0,-4043.243481,6274.606952,110.274998,true,0.230769,17.3
0,0.0,100.0,-11179.530947,2887.347694,110.275003,false,0.0,0.0
1,0.0,100.0,-5655.218039,1222.215797,108.401975,false,0.0,0.0
2,0.0,100.0,-3552.307151,-363.900709,104.905153,false,0.0,0.0
4,0.0,100.0,-9364.49593,-525.096845,110.117417,false,0.0,0.0
5,0.0,100.0,-7262.801445,-2707.684092,104.905241,false,0.0,0.0
6,0.0,100.0,-7577.786449,-3370.941753,104.904708,false,0.0,0.0
0,0.0,100.0,-11975.577043,4335.084891,110.275003,false,0.0,0.0
1,0.0,100.0,-4278.833872,2673.09138,110.275005,false,0.0,0.0
2,0.0,100.0,-2965.299849,1962.426608,110.274998,true,0.0,1.6
4,0.0,100.0,-9932.00648,-265.94718,110.117417,false,0.0,0.0
5,0.0,100.0,-9023.99596,-3736.440481,110.275003,false,0.0,0.0
6,0.0,100.0,-6233.47917,-2015.414172,104.905243,false,0.0,0.0
0,0.0,100.0,-12650.832114,2608.388559,110.275003,false,0.0,0.0
1,0.0,100.0,-2512.054014,2395.308051,110.274999,false,0.0,0.0
2,0.0,100.0,-2054.130823,4171.28032,110.275002,true,0.0,6.6
4,0.0,100.0,-9272.721645,398.991551,110.117417,false,0.0,0.0
5,0.0,100.0,-8917.348619,-2085.323547,110.275003,false,0.0,0.0
6,0.0,100.0,-4959.556739,-1520.375013,104.905182,false,0.0,0.0
0,0.0,100.0,-12895.204565,1271.918422,110.275003,false,0.0,0.0
1,0.0,100.0,-1152.133999,3328.754488,110.274999,false,0.0,0.0
2,0.0,80.0,-2054.130823,4171.28032,110.275002,true,0.0,11.6
4,0.0,100.0,-7663.174785,-734.090281,104.905226,false,0.0,0.0
5,0.0,100.0,-8198.986083,-3069.631819,110.275003,false,0.0,0.0
6,0.0,100.0,-4707.358655,-1236.811735,114.03617,false,0.0,0.0
0,0.0,100.0,-12140.12642,43.918337,110.275003,false,0.0,0.0
1,0.0,80.0,-1857.160664,551.987172,104.905234,true,0.0,4.3
2,0.0,60.0,-2054.130823,4171.28032,110.275002,true,0.0,16.6
4,0.0,100.0,-7231.477121,-491.361141,104.905196,false,0.0,0.0
5,0.0,100.0,-6229.633231,-3566.33455,104.90467,false,0.0,0.0
6,0.0,100.0,-4519.705518,-2295.896879,119.318311,false,0.0,0.0
0,0.0,100.0,-10712.18926,-321.192252,110.275003,false,0.0,0.0
1,0.0,80.0,-2761.308006,-2303.310569,104.905239,true,0.0,9.4
2,0.0,60.0,-2054.130823,4171.28032,110.275002,true,0.0,21.7
4,0.0,100.0,-7840.029236,-1401.111847,113.758444,false,0.0,0.0
5,0.0,100.0,-5502.329828,-3822.292605,104.904739,false,0.0,0.0
6,0.0,100.0,-4491.495535,-3614.740908,113.758445,false,0.0,0.0
0,0.0,100.0,-10571.125561,-15.105509,110.275003,false,0.0,0.0
1,0.0,80.0,-3240.527866,-3830.289069,111.945274,true,0.0,14.4
2,0.0,60.0,-2054.130823,4171.28032,110.275002,true,0.0,26.7
4,0.0,100.0,-6990.825321,-1467.448583,113.285313,false,0.0,0.0
5,0.0,100.0,-5903.510358,-3281.099485,117.406592,false,0.0,0.0
6,0.0,100.0,-4299.602495,-4180.375363,137.22126,false,0.0,0.0
0,0.0,100.0,-10664.529687,-55.827237,110.275003,false,0.0,0.0
1,0.0,80.0,-3240.527866,-3830.289069,111.945274,true,0.0,19.4
2,0.0,60.0,-2054.130823,4171.28032,110.275002,true,0.0,31.7
4,0.0,100.0,-7075.338256,-1542.988805,112.722633,false,0.0,0.0
5,0.0,100.0,-5401.277394,-3025.911477,104.904666,false,0.0,0.0
6,0.0,100.0,-5785.969135,-3961.825081,104.905199,false,0.0,0.0
0,0.0,100.0,-12270.368453,-1042.244152,110.275003,false,0.0,0.0
1,0.0,80.0,-3240.527866,-3830.289069,111.945274,true,0.0,24.4
2,0.0,60.0,-2054.130823,4171.28032,110.275002,true,0.0,36.7
4,0.0,100.0,-7707.264209,-1076.141656,104.905154,false,0.0,0.0
5,0.0,100.0,-5621.467894,-3781.855655,104.904692,false,0.0,0.0
6,0.0,100.0,-5496.227382,-3762.262722,104.905199,false,0.0,0.0
0,0.0,100.0,-12039.719912,-2350.184573,110.275003,false,0.0,0.0
1,0.0,80.0,-3240.527866,-3830.289069,111.945274,true,0.0,29.4
2,0.0,60.0,-2054.130823,4171.28032,110.275002,true,0.0,41.7
4,0.0,100.0,-8700.966545,-727.365846,110.274997,false,0.0,0.0
5,0.0,100.0,-4829.390621,-3430.819489,104.905154,false,0.0,0.0
6,0.0,100.0,-4244.900056,-5245.367207,137.779795,false,0.0,0.0
0,0.0,100.0,-11496.489778,-2603.643014,110.275003,false,0.0,0.0
1,0.0,80.0,-3240.527866,-3830.289069,111.945274,true,0.0,34.4
2,0.0,60.0,-2054.130823,4171.28032,110.275002,true,0.0,46.7
4,0.0,100.0,-8614.858339,-739.175411,110.274993,false,0.0,0.0
5,0.0,100.0,-3779.735293,-4133.947846,104.905258,false,0.0,0.0
6,0.0,100.0,-4210.810915,-4726.984351,104.90523,false,0.0,0.0
0,0.0,100.0,-11703.259851,-1427.785482,110.275001,false,0.0,0.0
1,0.0,80.0,-3240.527866,-3830.289069,111.945274,true,0.0,39.4
2,0.0,60.0,-2054.130823,4171.28032,110.275002,true,0.0,51.7
4,0.0,100.0,-8511.477669,-1152.705228,110.274993,false,0.0,0.0
5,0.0,100.0,-2980.104593,-4507.461106,104.905226,false,0.0,0.0
6,0.0,100.0,-2986.927448,-3472.675814,104.905173,false,0.0,0.0
0,0.0,100.0,-10834.797006,-427.431373,110.275001,false,0.0,0.0
1,0.0,80.0,-3240.527866,-3830.289069,111.945274,true,0.0,44.4
2,0.0,60.0,-2054.130823,4171.28032,110.275002,true,0.0,56.7
4,0.0,100.0,-7259.475679,-1808.922449,104.905197,false,0.0,0.0
5,0.0,100.0,-3916.270971,-4205.693336,104.905226,false,0.0,0.0
6,0.0,100.0,-2863.432599,-2937.748049,104.905173,false,0.0,0.0
0,0.0,100.0,-11777.862036,-1403.07408,110.275001,false,0.0,0.0
1,0.0,80.0,-3240.527866,-3830.289069,111.945274,true,0.0,49.4
2,0.0,60.0,-2054.130823,4171.28032,110.275002,true,0.0,61.7
4,0.0,100.0,-7707.099017,-2748.811793,104.905197,false,0.0,0.0
5,0.0,100.0,-4082.724639,-4190.959251,104.905226,false,0.0,0.0
6,0.0,100.0,-1357.586681,-3614.266477,104.905173,false,0.0,0.0
0,0.0,100.0,-12516.350734,-1354.36734,110.275001,false,0.0,0.0
1,0.0,80.0,-3240.527866,-3830.289069,111.945274,true,0.0,54.1
2,0.0,60.0,-2054.130823,4171.28032,110.275002,true,0.0,66.4
4,0.0,100.0,-7786.986642,-2767.853829,104.905197,false,0.0,0.0
5,0.0,100.0,-3496.095002,-4409.103332,104.905231,false,0.0,0.0
6,0.0,100.0,-1262.659342,-3317.48258,104.905173,false,0.0,0.0
0,0.0,100.0,-12306.968698,-817.384556,110.275001,false,0.0,0.0
1,0.0,80.0,-3240.527866,-3830.289069,111.945274,true,0.0,59.1
2,0.0,40.0,-2054.130823,4171.28032,110.275002,true,0.0,71.4
4,0.0,100.0,-6869.648033,-3502.980752,104.90468,false,0.0,0.0
5,0.0,100.0,-3095.234252,-3246.805932,115.759214,false,0.0,0.0
6,0.0,100.0,-596.077985,-4202.816658,108.931719,false,0.0,0.0
0,0.0,100.0,-12239.47877,-529.132992,110.275001,false,0.0,0.0
1,0.0,80.0,-3240.527866,-3830.289069,111.945274,true,0.0,64.1
2,0.0,40.0,-2054.130823,4171.28032,110.275002,true,0.0,76.4
4,0.0,100.0,-5125.349934,-3968.465483,104.90468,false,0.0,0.0
5,0.0,100.0,-3145.909935,-3018.903119,107.286981,false,0.0,0.0
6,0.0,100.0,-2208.831172,-5151.990526,104.905235,false,0.0,0.0
0,0.0,100.0,-12940.787315,312.337121,110.275001,false,0.0,0.0
1,0.0,80.0,-3240.527866,-3830.289069,111.945274,true,0.0,69.1
2,0.0,20.0,-2054.130823,4171.28032,110.275002,true,0.0,81.4
4,0.0,100.0,-5611.503011,-3360.580972,116.212446,false,0.0,0.0
5,0.0,100.0,-2499.66547,-4080.710261,104.905216,false,0.0,0.0
6,0.0,100.0,-3383.998329,-5402.963146,104.905235,false,0.0,0.0
0,0.0,100.0,-11782.368362,-310.961123,110.275001,false,0.0,0.0
1,0.0,80.0,-3240.527866,-3830.289069,111.945274,true,0.0,74.1
2,0.0,20.0,-2054.130823,4171.28032,110.275002,true,0.0,86.4
4,0.0,100.0,-6138.34148,-3612.919978,104.904664,false,0.0,0.0
5,0.0,100.0,-139.949886,-3689.555534,110.3393,true,0.0,2.0
6,0.0,100.0,-4343.740227,-4404.459477,124.985326,false,0.0,0.0
0,0.0,100.0,-11234.573077,816.927735,110.275001,false,0.0,0.0
1,0.0,80.0,-3240.527866,-3830.289069,111.945274,true,0.0,79.1
2,0.0,20.0,-2054.130823,4171.28032,110.275002,true,0.0,91.4
4,0.0,100.0,-7707.767223,-2351.307756,104.904767,false,0.0,0.0
5,0.0,100.0,2526.301479,-2835.336234,104.905213,true,0.0,7.0
6,0.0,100.0,-3589.989094,-4475.60598,104.905203,false,0.0,0.0
0,0.0,100.0,-10756.077517,499.193841,110.275001,false,0.0,0.0
1,0.0,80.0,-3240.527866,-3830.289069,111.945274,true,0.0,84.1
4,0.0,100.0,-8237.812755,-1290.43072,110.275003,false,0.0,0.0
5,0.0,80.0,2526.301479,-2835.336234,104.905213,true,0.0,12.0
6,0.0,100.0,-4307.640557,-4468.414894,135.585032,false,0.0,0.0
0,0.0,100.0,-11326.634767,-502.793218,110.275001,false,0.0,0.0
1,0.0,80.0,-3240.527866,-3830.289069,111.945274,true,0.0,89.1
4,0.0,100.0,-7259.17074,-15.058452,104.905254,false,0.0,0.0
5,0.0,40.0,2526.301479,-2835.336234,104.905213,true,0.071429,17.0
6,0.0,100.0,-5330.540153,-4715.682318,104.904765,false,0.0,0.0
0,0.0,100.0,-11340.627021,-44.924857,110.275,false,0.0,0.0
1,0.0,80.0,-3240.527866,-3830.289069,111.945274,true,0.0,94.1
4,0.0,100.0,-6696.906838,635.311982,108.753241,false,0.0,0.0
5,0.0,20.0,2526.301479,-2835.336234,104.905213,true,0.055556,22.0
6,0.0,100.0,-4059.694241,-5444.014757,104.905179,false,0.0,0.0
0,0.0,100.0,-9417.194068,-514.339349,110.275,false,0.0,0.0
1,0.0,80.0,-3240.527866,-3830.289069,111.945274,true,0.0,99.1
4,0.0,100.0,-4795.668052,858.537731,104.905266,false,0.0,0.0
6,0.0,100.0,-3450.293126,-6306.235668,104.905267,false,0.0,0.0
0,0.0,100.0,-8840.747775,-787.417672,110.275,false,0.0,0.0
1,0.0,80.0,-3240.527866,-3830.289069,111.945274,true,0.0,104.1
4,0.0,100.0,-3654.212563,2497.193974,110.267644,true,0.0,4.0
6,0.0,100.0,-3747.483073,-4827.789575,104.905267,false,0.0,0.0
0,0.0,100.0,-7328.967244,-724.490005,104.905194,false,0.0,0.0
1,0.0,80.0,-3240.527866,-3830.289069,111.945274,true,0.0,109.1
4,0.0,100.0,-3654.212563,2497.193974,110.267644,true,0.0,9.0
6,0.0,100.0,-2772.499114,-5059.111786,104.905267,false,0.0,0.0
0,0.0,100.0,-7260.340232,-318.670443,104.905252,false,0.0,0.0
1,0.0,40.0,-3240.527866,-3830.289069,111.945274,true,0.011364,114.1
4,0.0,40.0,-3654.212563,2497.193974,110.267644,true,0.0,14.0
6,0.0,100.0,-3065.551688,-6044.648406,104.905267,false,0.0,0.0
0,0.0,100.0,-6074.950729,-914.46956,104.905214,true,0.0,2.3
6,0.0,100.0,-4639.781248,-5025.708375,130.896576,false,0.0,0.0
0,0.0,100.0,-6074.950729,-914.46956,104.905214,true,0.0,7.3
6,0.0,100.0,-5169.535158,-4177.556605,104.905207,true,0.0,3.0
0,0.0,100.0,-6074.950729,-914.46956,104.905214,true,0.1,12.3
6,0.0,100.0,-5169.535158,-4177.556605,104.905207,true,0.0,8.0
0,0.0,100.0,-6074.950729,-914.46956,104.905214,true,0.076923,17.3
6,0.0,100.0,-5169.535158,-4177.556605,104.905207,true,0.0,13.0
0,0.0,100.0,-6074.950729,-914.46956,104.905214,true,0.058824,22.3
6,0.0,100.0,-5169.535158,-4177.556605,104.905207,true,0.0,18.0
0,0.0,60.0,-6074.950729,-914.46956,104.905214,true,0.047619,27.3
6,0.0,100.0,-5169.535158,-4177.556605,104.905207,true,0.0,23.0
0,0.0,60.0,-6074.950729,-914.46956,104.905214,true,0.04,32.3
6,0.0,100.0,-5169.535158,-4177.556605,104.905207,true,0.0,28.0
0,0.0,60.0,-6074.950729,-914.46956,104.905214,true,0.034483,37.3
6,0.0,100.0,-5169.535158,-4177.556605,104.905207,true,0.0,33.0
0,0.0,40.0,-6074.950729,-914.46956,104.905214,true,0.030303,42.3
6,0.0,100.0,-5169.535158,-4177.556605,104.905207,true,0.0,38.0
0,0.0,40.0,-6074.950729,-914.46956,104.905214,true,0.027778,47.3
6,0.0,100.0,-5169.535158,-4177.556605,104.905207,true,0.0,43.0
0,0.0,40.0,-6074.950729,-914.46956,104.905214,true,0.025,52.3
6,0.0,100.0,-5169.535158,-4177.556605,104.905207,true,0.0,48.0
0,0.0,20.0,-6074.950729,-914.46956,104.905214,true,0.022727,57.3
6,0.0,100.0,-5169.535158,-4177.556605,104.905207,true,0.0,53.0
0,0.0,20.0,-6074.950729,-914.46956,104.905214,true,0.022727,58.0
6,0.0,100.0,-5169.535158,-4177.556605,104.905207,true,0.0,53.7
0
0,0.0,100.0,-12402.609645,-408.90624,110.275004,false,0.0,0.0
1,0.0,100.0,-11821.84117,2845.605004,110.275003,false,0.0,0.0
2,0.0,100.0,-11976.33526,6538.731882,110.275001,false,0.0,0.0
3,0.0,100.0,-12178.606823,5239.254543,110.275,false,0.0,0.0
4,0.0,100.0,-11675.061704,-2254.464592,110.275001,false,0.0,0.0
5,0.0,100.0,-12389.774822,5817.884925,110.275002,false,0.0,0.0
6,0.0,100.0,-12677.604829,-719.806833,110.274998,false,0.0,0.0
7,0.0,100.0,-11682.981035,6694.516641,110.274999,false,0.0,0.0
0,0.0,100.0,-11245.323249,-320.037898,110.275004,false,0.0,0.0
1,0.0,100.0,-10026.538548,3303.443454,110.275003,false,0.0,0.0
2,0.0,100.0,-13229.92764,7237.565806,110.275001,false,0.0,0.0
3,0.0,100.0,-11575.994272,5470.306671,110.275,false,0.0,0.0
4,0.0,100.0,-11441.054437,-2729.81005,110.275001,false,0.0,0.0
5,0.0,100.0,-12104.748412,3931.303511,110.275002,false,0.0,0.0
6,0.0,100.0,-12326.000337,-305.010114,110.274998,false,0.0,0.0
7,0.0,100.0,-12384.722632,5709.479188,110.274999,false,0.0,0.0
0,0.0,100.0,-10179.099519,-371.662752,110.275003,false,0.0,0.0
1,0.0,100.0,-10951.291209,2401.977295,110.275003,false,0.0,0.0
2,0.0,100.0,-12475.004096,6781.579962,110.275001,false,0.0,0.0
3,0.0,100.0,-11858.244247,6527.636049,110.275,false,0.0,0.0
4,0.0,100.0,-9892.010314,-2794.015287,110.275001,false,0.0,0.0
5,0.0,100.0,-12409.191874,3747.452179,110.275002,false,0.0,0.0
6,0.0,100.0,-11401.080599,-466.028946,110.274998,false,0.0,0.0
7,0.0,100.0,-12383.871184,6057.457975,110.274999,false,0.0,0.0
0,0.0,100.0,-10235.060694,625.474142,110.275003,false,0.0,0.0
1,0.0,100.0,-11038.613937,1270.714076,110.275003,false,0.0,0.0
2,0.0,100.0,-12626.807005,6329.261287,110.275001,false,0.0,0.0
3,0.0,100.0,-11907.040923,5852.089057,110.275,false,0.0,0.0
4,0.0,100.0,-8848.773069,-2611.480542,110.275001,false,0.0,0.0
5,0.0,100.0,-11690.407409,2976.027915,110.275002,false,0.0,0.0
6,0.0,100.0,-12003.374915,-1843.475189,110.274998,false,0.0,0.0
7,0.0,100.0,-12403.535001,4424.789747,110.274999,false,0.0,0.0
0,0.0,100.0,-9546.344086,446.25878,110.275003,false,0.0,0.0
1,0.0,100.0,-10897.645269,1267.431965,110.275003,false,0.0,0.0
2,0.0,100.0,-11594.517445,5592.230888,110.275001,false,0.0,0.0
3,0.0,100.0,-12454.683397,4019.123527,110.275,false,0.0,0.0
4,0.0,100.0,-9521.234451,-1997.28244,110.274999,false,0.0,0.0
5,0.0,100.0,-12641.844864,2290.488099,110.275002,false,0.0,0.0
6,0.0,100.0,-10474.77642,-2656.429776,110.275003,false,0.0,0.0
7,0.0,100.0,-11668.937747,2942.197784,110.274999,false,0.0,0.0
0,0.0,100.0,-9213.449691,-576.606871,110.275003,false,0.0,0.0
1,0.0,100.0,-11345.859683,2875.645048,110.275003,false,0.0,0.0
2,0.0,100.0,-12097.275874,5372.301169,110.275001,false,0.0,0.0
3,0.0,100.0,-12049.768819,3615.992043,110.275,false,0.0,0.0
4,0.0,100.0,-9398.926682,-1800.121294,110.274999,false,0.0,0.0
5,0.0,100.0,-11840.333156,3423.158105,110.275002,false,0.0,0.0
6,0.0,100.0,-9383.417338,-1867.259009,110.275003,false,0.0,0.0
7,0.0,100.0,-12104.135459,3268.293936,110.274999,false,0.0,0.0
0,0.0,100.0,-9637.648965,204.830169,110.275003,false,0.0,0.0
1,0.0,100.0,-11065.303953,2628.683619,110.275003,false,0.0,0.0
2,0.0,100.0,-11452.928727,3697.860247,110.275001,false,0.0,0.0
3,0.0,100.0,-11103.446794,3336.329621,110.275,false,0.0,0.0
4,0.0,100.0,-8745.868012,-2865.775626,110.274999,false,0.0,0.0
5,0.0,100.0,-12568.47787,3887.12742,110.275002,false,0.0,0.0
6,0.0,100.0,-9232.43688,-1077.214437,110.275003,false,0.0,0.0
7,0.0,100.0,-12650.633368,1832.694406,110.274999,false,0.0,0.0
0,0.0,100.0,-10873.146678,460.041713,110.275003,false,0.0,0.0
1,0.0,100.0,-10425.882901,3488.357675,110.275003,false,0.0,0.0
2,0.0,100.0,-11468.282627,3827.728089,110.275001,false,0.0,0.0
3,0.0,100.0,-9209.503162,3273.268584,110.275,false,0.0,0.0
4,0.0,100.0,-7048.231123,-2184.687673,104.904774,false,0.0,0.0
5,0.0,100.0,-11555.696124,3158.663381,110.275002,false,0.0,0.0
6,0.0,100.0,-8136.621492,-1423.84617,110.275005,false,0.0,0.0
7,0.0,100.0,-12812.321213,1250.62926,110.274999,false,0.0,0.0
0,0.0,100.0,-12283.900024,-348.284858,110.275003,false,0.0,0.0
1,0.0,100.0,-11651.466699,2432.581044,110.275003,false,0.0,0.0
2,0.0,100.0,-10053.947439,3187.227626,110.275001,false,0.0,0.0
3,0.0,100.0,-8527.178306,4933.989409,110.275,false,0.0,0.0
4,0.0,100.0,-5239.55662,-3128.120096,104.905192,false,0.0,0.0
5,0.0,100.0,-9563.66001,3075.521717,110.275002,false,0.0,0.0
6,0.0,100.0,-7956.395717,-1238.591066,139.661978,false,0.0,0.0
7,0.0,100.0,-12184.615487,338.313667,110.274999,false,0.0,0.0
0,0.0,100.0,-11988.210469,279.090013,110.275003,false,0.0,0.0
1,0.0,100.0,-11580.241034,2245.597717,110.275003,false,0.0,0.0
2,0.0,100.0,-11849.632144,3111.637973,110.275001,false,0.0,0.0
3,0.0,100.0,-7670.376598,6273.766539,110.275,false,0.0,0.0
4,0.0,100.0,-2403.633255,-4108.804709,104.905149,true,0.0,4.7
5,0.0,100.0,-10777.924588,3390.965915,110.274979,false,0.0,0.0
6,0.0,100.0,-7865.621532,-480.088148,104.90523,false,0.0,0.0
7,0.0,100.0,-10146.937183,226.803702,110.274999,false,0.0,0.0
0,0.0,100.0,-11610.319072,2247.758419,110.275003,false,0.0,0.0
1,0.0,100.0,-11077.359658,3153.306382,110.275003,false,0.0,0.0
2,0.0,100.0,-11078.147922,3085.273301,110.275001,false,0.0,0.0
3,0.0,100.0,-8486.222496,6805.638681,110.275,false,0.0,0.0
4,0.0,100.0,421.166688,-5118.278791,104.905218,true,0.0,9.7
5,0.0,100.0,-10660.480538,3087.686055,110.274979,false,0.0,0.0
6,0.0,100.0,-8121.432307,177.126856,110.275001,false,0.0,0.0
7,0.0,100.0,-10228.63292,-351.419286,110.274999,false,0.0,0.0
0,0.0,100.0,-12237.81108,1073.964997,110.275003,false,0.0,0.0
1,0.0,100.0,-9695.714445,3393.557446,110.275003,false,0.0,0.0
2,0.0,100.0,-12464.692367,2507.700015,110.275001,false,0.0,0.0
3,0.0,100.0,-7208.665591,6422.374711,110.275,false,0.0,0.0
4,0.0,100.0,1338.313121,-5517.031834,108.967757,true,0.0,14.7
5,0.0,100.0,-10949.306663,2461.794316,110.274979,false,0.0,0.0
6,0.0,100.0,-6857.930323,-59.445753,107.319446,false,0.0,0.0
7,0.0,100.0,-9210.069895,-1236.319817,110.274999,false,0.0,0.0
0,0.0,100.0,-10947.309356,-235.610633,110.275003,false,0.0,0.0
1,0.0,100.0,-10899.772292,2904.890879,110.275003,false,0.0,0.0
2,0.0,100.0,-12142.027487,2398.929958,110.275001,false,0.0,0.0
3,0.0,100.0,-7785.529605,4939.403474,110.275,false,0.0,0.0
4,0.0,80.0,1338.313121,-5517.031834,108.967757,true,0.0,19.7
5,0.0,100.0,-9510.746722,3458.143307,110.274979,false,0.0,0.0
6,0.0,100.0,-6360.054729,596.77261,104.905247,false,0.0,0.0
7,0.0,100.0,-8921.528038,-178.863863,110.274999,false,0.0,0.0
0,0.0,100.0,-10344.908778,-494.721775,110.275003,false,0.0,0.0
1,0.0,100.0,-9144.045954,3013.476785,110.274999,false,0.0,0.0
2,0.0,100.0,-11108.968163,2730.412302,110.275001,false,0.0,0.0
3,0.0,100.0,-7839.225646,5616.351087,110.275,false,0.0,0.0
4,0.0,20.0,1338.313121,-5517.031834,108.967757,true,0.0,24.7
5,0.0,100.0,-9492.261875,3014.129701,110.272974,false,0.0,0.0
6,0.0,100.0,-5076.936018,1291.612833,108.426082,false,0.0,0.0
7,0.0,100.0,-9397.209258,505.32985,110.274999,false,0.0,0.0
0,0.0,100.0,-11221.63062,-199.792717,110.275003,false,0.0,0.0
1,0.0,100.0,-7834.812843,1748.352576,110.274999,false,0.0,0.0
2,0.0,100.0,-11956.964952,1369.50946,110.275001,false,0.0,0.0
3,0.0,100.0,-8277.803276,6038.03809,110.275,false,0.0,0.0
5,0.0,100.0,-8941.183661,2806.058074,110.272683,false,0.0,0.0
6,0.0,100.0,-5872.174321,-478.1737,104.905241,false,0.0,0.0
7,0.0,100.0,-7707.481496,-628.052435,104.905193,false,0.0,0.0
0,0.0,100.0,-9961.04985,-350.028967,110.275003,false,0.0,0.0
1,0.0,100.0,-6181.37962,1125.574828,114.394215,false,0.0,0.0
2,0.0,100.0,-11972.13945,1626.261306,110.275001,false,0.0,0.0
3,0.0,100.0,-7956.67652,5885.466186,110.275,false,0.0,0.0
5,0.0,100.0,-8931.243473,2275.897354,110.272683,false,0.0,0.0
6,0.0,100.0,-5232.603307,-915.835495,113.616854,false,0.0,0.0
7,0.0,100.0,-8781.326242,-716.582218,110.275,false,0.0,0.0
0,0.0,100.0,-10187.523355,468.633405,110.275003,false,0.0,0.0
1,0.0,100.0,-6467.491373,-702.175582,104.905249,false,0.0,0.0
2,0.0,100.0,-12714.742224,2948.470765,110.275001,false,0.0,0.0
3,0.0,100.0,-6235.485815,6490.487022,110.275,false,0.0,0.0
5,0.0,100.0,-8545.592259,3395.189988,110.272683,false,0.0,0.0
6,0.0,100.0,-4817.287363,421.031274,106.95123,false,0.0,0.0
7,0.0,100.0,-6793.01078,-306.338256,114.373722,false,0.0,0.0
0,0.0,100.0,-10842.274537,224.455245,110.275003,false,0.0,0.0
1,0.0,100.0,-6660.325855,-2464.249335,104.905167,false,0.0,0.0
2,0.0,100.0,-12612.525794,3132.430149,110.275001,false,0.0,0.0
3,0.0,100.0,-7577.289584,6864.15197,110.275,false,0.0,0.0
5,0.0,100.0,-7683.288025,1646.867007,104.90523,false,0.0,0.0
6,0.0,100.0,-6384.918688,1648.313479,131.840266,false,0.0,0.0
7,0.0,100.0,-8006.070873,-490.206147,104.905184,false,0.0,0.0
0,0.0,100.0,-11685.87242,129.352079,110.275003,false,0.0,0.0
1,0.0,100.0,-5167.792253,-2549.34616,104.905167,false,0.0,0.0
2,0.0,100.0,-12001.000562,1417.66002,110.275001,false,0.0,0.0
3,0.0,100.0,-8114.164747,6694.291298,110.275,false,0.0,0.0
5,0.0,100.0,-6082.301505,1668.207413,104.90515,false,0.0,0.0
6,0.0,100.0,-6792.542126,1121.266675,104.905231,false,0.0,0.0
7,0.0,100.0,-8784.71347,-560.247469,110.261552,false,0.0,0.0
0,0.0,100.0,-11350.193941,362.796649,110.275003,false,0.0,0.0
1,0.0,100.0,-4238.75631,-3661.24245,132.600098,false,0.0,0.0
2,0.0,100.0,-11440.935874,205.24812,110.275001,false,0.0,0.0
3,0.0,100.0,-7283.939966,7304.359473,110.275,false,0.0,0.0
5,0.0,100.0,-4942.603025,1894.856369,110.274998,false,0.0,0.0
6,0.0,100.0,-6404.371709,2059.850176,110.275007,false,0.0,0.0
7,0.0,100.0,-8783.179999,-588.31752,110.261552,false,0.0,0.0
0,0.0,100.0,-12564.582202,-554.048725,110.275003,false,0.0,0.0
1,0.0,100.0,-5529.002933,-4183.951236,104.904749,false,0.0,0.0
2,0.0,100.0,-9780.666333,-458.637058,110.275001,false,0.0,0.0
3,0.0,100.0,-7139.81493,7058.729456,110.275,false,0.0,0.0
5,0.0,100.0,-4127.580069,1199.441063,107.076467,false,0.0,0.0
6,0.0,100.0,-5254.932488,1285.469951,106.897511,false,0.0,0.0
7,0.0,100.0,-7452.334518,-1092.141474,104.905206,false,0.0,0.0
0,0.0,100.0,-10793.273102,-12.3403,110.275003,false,0.0,0.0
1,0.0,100.0,-5595.565943,-5344.916957,104.904749,false,0.0,0.0
2,0.0,100.0,-9337.044344,277.445758,110.275001,false,0.0,0.0
3,0.0,100.0,-7174.366476,6155.062516,110.275,false,0.0,0.0
5,0.0,100.0,-5013.019955,450.31655,104.905191,false,0.0,0.0
6,0.0,100.0,-6785.305664,654.935682,114.734397,false,0.0,0.0
7,0.0,100.0,-6577.467256,-2215.443355,104.905166,false,0.0,0.0
0,0.0,100.0,-9575.553187,462.804517,110.275003,false,0.0,0.0
1,0.0,100.0,-6063.069117,-5373.369701,104.904749,false,0.0,0.0
2,0.0,100.0,-8904.360481,1288.810859,110.275001,false,0.0,0.0
3,0.0,100.0,-7611.25052,5610.346013,110.275,false,0.0,0.0
5,0.0,100.0,-4417.492638,2214.213156,110.274995,false,0.0,0.0
6,0.0,100.0,-7599.243929,1087.585967,104.905158,false,0.0,0.0
7,0.0,100.0,-6833.927396,-2070.702107,104.905198,false,0.0,0.0
0,0.0,100.0,-9079.042148,675.010715,110.275003,false,0.0,0.0
1,0.0,100.0,-7085.803018,-5079.877879,104.904749,false,0.0,0.0
2,0.0,100.0,-8288.214686,867.452476,110.275001,false,0.0,0.0
3,0.0,100.0,-8351.573345,4486.293528,110.275,false,0.0,0.0
5,0.0,100.0,-3915.456436,2095.161601,110.274995,false,0.0,0.0
6,0.0,100.0,-8452.041488,2623.927492,110.275003,false,0.0,0.0
7,0.0,100.0,-5310.137586,-3754.430562,104.904715,false,0.0,0.0
0,0.0,100.0,-7769.339409,532.764697,104.905213,false,0.0,0.0
1,0.0,100.0,-7962.093524,-6048.826636,74.436438,false,0.0,0.0
2,0.0,100.0,-7458.910782,911.78494,104.905236,false,0.0,0.0
3,0.0,100.0,-8476.341605,3805.811735,110.275,false,0.0,0.0
5,0.0,100.0,-2884.315182,2402.383993,110.274995,false,0.0,0.0
6,0.0,100.0,-7872.882942,1794.972043,110.26019,false,0.0,0.0
7,0.0,100.0,-4559.818827,-3458.408663,112.568159,false,0.0,0.0
0,0.0,100.0,-7946.860292,288.250344,104.905259,false,0.0,0.0
1,0.0,100.0,-7547.852067,-5623.960682,84.741167,false,0.0,0.0
2,0.0,100.0,-9097.072093,-214.757221,110.275,false,0.0,0.0
3,0.0,100.0,-9809.734442,3139.474664,110.275,false,0.0,0.0
5,0.0,100.0,-3725.042464,1578.123857,104.905265,false,0.0,0.0
6,0.0,100.0,-7474.353691,2472.49892,110.26019,false,0.0,0.0
7,0.0,100.0,-4153.434148,-485.561691,104.905196,false,0.0,0.0
0,0.0,100.0,-8221.914058,607.894658,110.139217,false,0.0,0.0
1,0.0,100.0,-6750.071956,-5434.813767,104.904762,false,0.0,0.0
2,0.0,100.0,-9686.851048,-2130.155163,110.275,false,0.0,0.0
3,0.0,100.0,-11055.926554,2136.943861,110.274998,false,0.0,0.0
5,0.0,100.0,-2679.840924,1779.252353,110.050094,true,0.0,4.3
6,0.0,100.0,-7142.689961,2654.008566,110.26019,false,0.0,0.0
7,0.0,100.0,-4126.346296,-287.404525,104.905196,true,0.0,4.3
0,0.0,100.0,-7877.19517,1008.549749,104.905145,false,0.0,0.0
1,0.0,100.0,-7489.824698,-5113.550524,104.704514,false,0.0,0.0
2,0.0,100.0,-9291.575734,-2080.750838,110.275,false,0.0,0.0
3,0.0,100.0,-11628.091908,3141.918617,110.274998,false,0.0,0.0
5,0.0,100.0,-2679.840924,1779.252353,110.050094,true,0.142857,9.3
6,0.0,100.0,-7668.613036,2572.572737,110.26019,false,0.0,0.0
7,0.0,100.0,-4126.346296,-287.404525,104.905196,true,0.0,9.3
0,0.0,100.0,-7162.118504,289.823611,104.905145,false,0.0,0.0
1,0.0,100.0,-7051.638997,-4652.748058,104.904655,false,0.0,0.0
2,0.0,100.0,-9839.590306,-2709.920315,110.258308,false,0.0,0.0
3,0.0,100.0,-11825.560269,3026.346327,110.274998,false,0.0,0.0
5,0.0,100.0,-2679.840924,1779.252353,110.050094,true,0.181818,14.3
6,0.0,100.0,-8316.688987,2683.082075,110.26019,false,0.0,0.0
7,0.0,100.0,-4126.346296,-287.404525,104.905196,true,0.090909,14.3
0,0.0,100.0,-8170.930806,941.929444,110.274993,false,0.0,0.0
1,0.0,100.0,-5548.812637,-4019.159443,104.904742,false,0.0,0.0
2,0.0,100.0,-8750.89007,-2660.095873,110.274998,false,0.0,0.0
3,0.0,100.0,-12594.265016,4585.588887,110.274998,false,0.0,0.0
5,0.0,100.0,-2679.840924,1779.252353,110.050094,true,0.133333,19.3
6,0.0,100.0,-9062.787714,2510.228498,110.26019,false,0.0,0.0
7,0.0,100.0,-4126.346296,-287.404525,104.905196,true,0.066667,19.3
0,1.0,100.0,-7705.475427,827.278238,104.905144,false,0.0,0.0
1,1.0,100.0,-5132.465575,-3370.659216,107.157001,false,0.0,0.0
2,1.0,100.0,-8911.224579,-2351.395818,110.274998,false,0.0,0.0
3,1.0,100.0,-12432.172447,4512.894682,110.274998,false,0.0,0.0
5,1.0,100.0,-3157.763703,985.184068,104.905203,true,0.176471,24.3
6,1.0,100.0,-9842.019889,3163.015425,110.26019,false,0.0,0.0
7,1.0,100.0,-4459.621926,-695.389054,106.951223,true,0.117647,24.3
0,1.0,100.0,-7981.173809,-231.930076,104.905144,false,0.0,0.0
1,1.0,100.0,-5330.261368,-3983.237429,104.905253,false,0.0,0.0
2,1.0,100.0,-8533.471168,-2141.065482,110.274998,false,0.0,0.0
3,1.0,100.0,-13055.541742,5943.432192,110.274998,false,0.0,0.0
5,1.0,100.0,-3817.326039,1804.399404,110.247902,true,0.176471,29.3
6,1.0,100.0,-9838.96374,3208.925414,110.26019,false,0.0,0.0
7,1.0,100.0,-6330.688037,-3039.475281,104.905198,true,0.117647,29.3
0,1.0,100.0,-7001.272121,-1021.433607,110.339986,false,0.0,0.0
1,1.0,100.0,-4316.536553,-4170.214824,134.515028,false,0.0,0.0
2,1.0,100.0,-6999.689804,-2750.539988,104.905163,false,0.0,0.0
3,1.0,100.0,-11919.036948,5475.552927,110.274998,false,0.0,0.0
5,1.0,100.0,-2311.286798,3186.899048,110.274999,true,0.176471,34.3
6,1.0,100.0,-8543.789427,2035.114155,110.26019,false,0.0,0.0
7,1.0,100.0,-8025.595721,-5515.864455,74.436411,true,0.117647,34.3
0,1.0,100.0,-6606.789274,-196.674379,104.905235,false,0.0,0.0
1,1.0,100.0,-4411.74391,-3676.632948,113.75844,false,0.0,0.0
2,1.0,100.0,-7158.012601,-1205.752656,125.837934,false,0.0,0.0
3,1.0,100.0,-11943.338217,3451.723325,110.274998,false,0.0,0.0
5,1.0,100.0,-1543.633405,3485.530828,110.274999,true,0.176471,39.3
6,1.0,100.0,-8122.85039,2628.542168,110.274998,false,0.0,0.0
7,1.0,100.0,-8713.851978,-5689.64325,110.275005,true,0.117647,39.3
0,1.0,100.0,-6396.716767,-6.678178,104.905161,false,0.0,0.0
1,1.0,100.0,-3110.937541,-4304.099164,104.905227,false,0.0,0.0
2,1.0,100.0,-6689.862514,317.094459,114.820486,false,0.0,0.0
3,1.0,100.0,-11079.055402,3140.321307,110.274998,false,0.0,0.0
5,1.0,100.0,-239.119716,2246.050757,110.274998,true,0.176471,44.3
6,1.0,100.0,-7142.327089,1501.880176,104.905226,false,0.0,0.0
7,1.0,100.0,-8896.099971,-2698.452659,110.275005,true,0.117647,44.3
0,1.0,100.0,-7984.439787,123.060459,104.90519,false,0.0,0.0
1,1.0,100.0,-3245.673365,-4501.449031,104.905227,false,0.0,0.0
2,1.0,100.0,-5313.677971,1131.830616,112.703975,false,0.0,0.0
3,1.0,100.0,-10890.295436,2941.667288,110.273715,false,0.0,0.0
5,1.0,100.0,612.840789,2368.990647,110.151148,true,0.157895,49.3
6,1.0,100.0,-7692.232626,1292.712867,104.905212,false,0.0,0.0
7,1.0,100.0,-8892.762951,301.999125,110.275005,true,0.117647,49.3
0,1.0,100.0,-8204.495604,1448.615987,110.159332,false,0.0,0.0
1,1.0,100.0,-3982.00605,-4556.975441,104.905227,false,0.0,0.0
2,1.0,100.0,-5101.175123,1051.909964,104.905227,false,0.0,0.0
3,1.0,100.0,-11249.480613,1877.017775,110.273715,false,0.0,0.0
5,1.0,100.0,1088.329795,5245.098528,110.151148,true,0.130435,54.3
6,1.0,100.0,-6825.176139,-107.302709,108.448084,false,0.0,0.0
7,1.0,100.0,-8774.532848,2218.475371,110.275005,true,0.117647,54.3
0,1.0,100.0,-8928.537399,840.997794,110.159332,false,0.0,0.0
1,1.0,100.0,-5375.318864,-3889.700347,104.905194,false,0.0,0.0
2,1.0,100.0,-4069.204586,1885.376723,110.275002,false,0.0,0.0
3,1.0,100.0,-11891.797707,802.668139,110.273715,false,0.0,0.0
5,1.0,100.0,2409.216366,7200.385432,110.270414,true,0.111111,59.3
6,1.0,100.0,-6538.760832,-1846.507879,104.9052,false,0.0,0.0
7,1.0,100.0,-7689.207411,4908.568818,110.275005,true,0.117647,59.3
0,1.0,100.0,-8900.964855,1089.552535,110.159332,false,0.0,0.0
1,1.0,100.0,-5971.739132,-4173.697095,104.905194,false,0.0,0.0
2,1.0,100.0,-2307.061218,1361.061266,104.905222,false,0.0,0.0
3,1.0,100.0,-11235.738538,1025.145391,110.273715,false,0.0,0.0
5,1.0,100.0,2409.216366,7200.385432,110.270414,true,0.1,64.3
6,1.0,100.0,-6724.069656,-3050.862727,104.9052,false,0.0,0.0
7,1.0,100.0,-5888.638281,6496.925158,110.275005,true,0.117647,64.3
0,1.0,100.0,-8283.177277,-677.243544,110.159332,false,0.0,0.0
1,1.0,100.0,-6137.351702,-4462.72104,104.905194,false,0.0,0.0
2,1.0,100.0,-2968.550394,1356.829747,104.905172,false,0.0,0.0
3,1.0,100.0,-10134.270465,-392.313232,110.273715,false,0.0,0.0
5,1.0,100.0,2409.216366,7200.385432,110.270414,true,0.088235,69.3
6,1.0,100.0,-6129.352816,-2812.403664,104.904734,false,0.0,0.0
7,1.0,100.0,-3791.825006,6748.420211,110.275005,true,0.117647,69.3
0,1.0,100.0,-8451.21689,-450.885473,110.274993,false,0.0,0.0
1,1.0,100.0,-4713.134101,-3414.724763,140.409706,false,0.0,0.0
2,1.0,80.0,-1707.460266,388.046705,104.905172,true,0.5,1.6
3,1.0,100.0,-9602.001864,574.196851,110.273715,false,0.0,0.0
5,1.0,100.0,2409.216366,7200.385432,110.270414,true,0.078947,74.3
6,1.0,100.0,-5429.688704,-1316.842656,104.905214,false,0.0,0.0
7,1.0,100.0,-3963.361937,4838.37641,110.275005,true,0.117647,74.3
0,1.0,100.0,-6676.651029,581.850376,108.10985,false,0.0,0.0
1,1.0,100.0,-4384.383553,-2785.900188,136.44664,false,0.0,0.0
2,1.0,60.0,-707.74915,354.590073,104.905172,true,0.333333,6.6
3,1.0,100.0,-8795.580238,1493.50336,110.274999,false,0.0,0.0
5,1.0,100.0,2409.216366,7200.385432,110.270414,true,0.071429,79.3
6,1.0,100.0,-3642.371754,-830.363424,104.905258,false,0.0,0.0
7,1.0,100.0,-3887.007815,2340.813827,110.275005,true,0.117647,79.3
0,1.0,100.0,-7035.762688,698.877144,104.905158,false,0.0,0.0
1,1.0,100.0,-3458.215861,-1228.348981,104.905149,false,0.0,0.0
3,1.0,100.0,-8311.439859,2146.182685,110.274999,false,0.0,0.0
5,1.0,100.0,2409.216366,7200.385432,110.270414,true,0.066667,84.3
6,1.0,100.0,-1670.938393,750.932284,104.905219,true,0.0,4.0
7,1.0,100.0,-3888.598451,2307.7047,110.27236,true,0.117647,84.3
0,1.0,100.0,-6242.181462,1289.447574,104.905158,false,0.0,0.0
1,1.0,100.0,-3022.386006,-2092.32078,104.905262,false,0.0,0.0
3,1.0,100.0,-7714.878573,2467.053518,110.274999,false,0.0,0.0
5,1.0,100.0,2409.216366,7200.385432,110.270414,true,0.061224,89.3
6,1.0,100.0,657.977816,2614.431643,110.253746,true,0.0,9.0
7,1.0,100.0,-3955.792339,4231.29884,110.27236,true,0.117647,89.3
0,1.0,100.0,-5119.988717,1844.799545,110.275006,false,0.0,0.0
1,1.0,100.0,-4495.364294,-2522.924281,113.758444,false,0.0,0.0
3,1.0,100.0,-7629.457046,2816.4742,110.274999,false,0.0,0.0
5,1.0,100.0,2409.216366,7200.385432,110.270414,true,0.057692,94.3
6,1.0,100.0,1620.948345,4516.278995,110.237646,true,0.0,14.0
7,1.0,100.0,-3791.825007,6748.420212,110.27236,true,0.117647,94.3
0,1.0,100.0,-3927.327941,1075.975522,114.215904,false,0.0,0.0
1,1.0,100.0,-3950.913147,-1323.117965,104.905192,false,0.0,0.0
3,1.0,100.0,-7482.570995,1390.784801,104.905178,false,0.0,0.0
5,1.0,100.0,2409.216366,7200.385432,110.270414,true,0.053571,99.3
6,1.0,100.0,3326.480655,3483.67155,110.237647,true,0.0,19.0
7,1.0,100.0,-4153.692554,4450.534088,110.27236,true,0.117647,99.3
0,1.0,100.0,-4320.775462,1165.11954,108.557601,false,0.0,0.0
1,1.0,100.0,-4087.104666,-2501.092406,104.905192,false,0.0,0.0
3,1.0,100.0,-7244.509798,1463.008304,104.905193,false,0.0,0.0
5,1.0,100.0,2409.216366,7200.385432,110.270414,true,0.05,104.3
6,1.0,100.0,3326.480655,3483.67155,110.237647,true,0.0,24.0
7,1.0,100.0,-4640.111404,1491.898325,104.905179,true,0.117647,104.3
0,2.0,100.0,-4124.73425,1113.477345,114.659659,false,0.0,0.0
1,2.0,100.0,-4300.295399,-1571.824785,104.90527,false,0.0,0.0
3,2.0,100.0,-5569.248068,2385.723352,110.274994,false,0.0,0.0
5,2.0,100.0,2409.216366,7200.385432,110.270414,true,0.046875,109.3
6,2.0,100.0,3326.480655,3483.67155,110.237647,true,0.0,29.0
7,2.0,100.0,-5734.792236,-1239.554409,104.905176,true,0.117647,109.3
0,2.0,100.0,-3463.908556,2216.240558,110.274996,false,0.0,0.0
1,2.0,100.0,-5033.425825,-1194.503848,117.563814,false,0.0,0.0
3,2.0,100.0,-6313.441898,691.338737,108.596811,false,0.0,0.0
5,2.0,100.0,2409.216366,7200.385432,110.270414,true,0.044118,114.3
6,2.0,100.0,3326.480655,3483.67155,110.237647,true,0.0,34.0
7,2.0,100.0,-7189.16712,-3863.454296,117.4066,true,0.117647,114.3
0,2.0,100.0,-2793.875104,1779.135653,110.274996,true,0.0,3.0
1,2.0,100.0,-5563.904194,-1006.871129,104.905161,false,0.0,0.0
3,2.0,100.0,-5214.619553,1764.15698,110.275003,false,0.0,0.0
5,2.0,100.0,2409.216366,7200.385432,110.270414,true,0.042254,119.3
6,2.0,100.0,3326.480655,3483.67155,110.237647,true,0.0,39.0
7,2.0,100.0,-8639.682062,-6413.091355,110.274998,true,0.117647,119.3
0,2.0,80.0,-2793.875104,1779.135653,110.274996,true,0.0,8.0
1,2.0,100.0,-4753.981702,-1098.144001,104.905146,false,0.0,0.0
3,2.0,100.0,-4654.499532,884.8742,104.905246,false,0.0,0.0
5,2.0,100.0,2409.216366,7200.385432,110.270414,true,0.04,124.3
6,2.0,100.0,3326.480655,3483.67155,110.237647,true,0.0,44.0
7,2.0,100.0,-7448.624832,-4898.14045,104.904677,true,0.117647,124.3
0,2.0,40.0,-2793.875104,1779.135653,110.274996,true,0.0,13.0
1,2.0,100.0,-5627.309391,-270.888905,104.905157,false,0.0,0.0
3,2.0,100.0,-4571.101161,1479.783931,104.905204,false,0.0,0.0
5,2.0,100.0,2409.216366,7200.385432,110.270414,true,0.037975,129.3
6,2.0,100.0,3326.480655,3483.67155,110.237647,true,0.0,49.0
7,2.0,100.0,-5710.831884,-2476.080057,104.904677,true,0.117647,129.3
1,2.0,100.0,-6568.304676,-1677.763367,135.992751,false,0.0,0.0
3,2.0,100.0,-2112.953366,1008.633456,104.905245,true,0.0,2.6
5,2.0,100.0,2409.216366,7200.385432,110.270414,true,0.036145,134.3
6,2.0,100.0,3326.480655,3483.67155,110.237647,true,0.0,54.0
7,2.0,100.0,-4685.5959,342.603759,106.951227,true,0.117647,134.3
1,2.0,100.0,-7097.545796,-2998.98959,104.905198,false,0.0,0.0
3,2.0,40.0,-1210.363319,600.756166,104.905245,true,0.166667,7.6
5,2.0,100.0,2409.216366,7200.385432,110.270414,true,0.034483,139.3
6,2.0,100.0,3326.480655,3483.67155,110.237647,true,0.0,59.0
7,2.0,100.0,-3907.026018,3184.971658,110.272362,true,0.117647,139.3
1,2.0,100.0,-6097.505696,-3455.116677,104.904723,false,0.0,0.0
5,2.0,100.0,2409.216366,7200.385432,110.270414,true,0.033333,144.3
6,2.0,100.0,3326.480655,3483.67155,110.237647,true,0.0,64.0
7,2.0,100.0,-3810.082167,6183.681664,110.272362,true,0.117647,144.3
1,2.0,100.0,-5854.593408,-2866.317035,104.904662,false,0.0,0.0
5,2.0,100.0,2409.216366,7200.385432,110.270414,true,0.031915,149.3
6,2.0,100.0,3326.480655,3483.67155,110.237647,true,0.0,69.0
7,2.0,100.0,-2465.192773,6736.126234,110.272362,true,0.117647,149.3
1,2.0,100.0,-6221.616566,-2379.244146,104.904662,false,0.0,0.0
5,2.0,100.0,2409.216366,7200.385432,110.270414,true,0.030612,154.3
6,2.0,100.0,3326.480655,3483.67155,110.237647,true,0.0,74.0
7,2.0,100.0,305.262269,6710.452271,110.272362,true,0.117647,154.3
1,2.0,100.0,-7442.354384,-2483.113161,104.904662,false,0.0,0.0
5,2.0,100.0,2409.216366,7200.385432,110.270414,true,0.029703,159.3
6,2.0,100.0,3326.480655,3483.67155,110.237647,true,0.0,79.0
7,2.0,100.0,305.262269,6710.452271,110.272362,true,0.117647,159.3
1,2.0,100.0,-6924.378675,-961.84647,108.747769,false,0.0,0.0
5,2.0,100.0,2409.216366,7200.385432,110.270414,true,0.028571,164.3
6,2.0,100.0,3326.480655,3483.67155,110.237647,true,0.0,84.0
7,2.0,100.0,305.262269,6710.452271,110.272362,true,0.117647,164.3
1,2.0,100.0,-7089.16056,-846.67826,104.905219,false,0.0,0.0
5,2.0,100.0,2409.216366,7200.385432,110.270414,true,0.027523,169.3
6,2.0,100.0,3326.480655,3483.67155,110.237647,true,0.0,89.0
7,2.0,100.0,305.262269,6710.452271,110.272362,true,0.117647,169.3
1,2.0,100.0,-7404.365578,-760.820911,104.905219,false,0.0,0.0
5,2.0,100.0,2409.216366,7200.385432,110.270414,true,0.027523,169.7
6,2.0,100.0,3326.480655,3483.67155,110.237647,true,0.0,89.4
7,2.0,100.0,305.262269,6710.452271,110.272362,true,0.117647,169.7
0